date,new,old,est
2014-01-01,5469.0,0.0,5806.45
2014-01-02,6270.0,0.0,5806.45
2014-01-03,6328.0,0.0,5806.45
2014-01-04,6249.0,0.0,5806.45
2014-01-05,5913.0,0.0,5806.45
2014-01-06,5690.0,0.0,5806.45
2014-01-07,5517.0,0.0,5806.45
2014-01-08,5335.0,0.0,5806.45
2014-01-09,5136.0,0.0,5806.45
2014-01-10,5173.0,0.0,5806.45
2014-01-11,4522.0,0.0,5806.45
2014-01-12,4901.0,0.0,5806.45
2014-01-13,4664.0,0.0,5806.45
2014-01-14,5140.0,0.0,5806.45
2014-01-15,6072.0,0.0,5806.45
2014-01-16,6289.0,0.0,5806.45
2014-01-17,6325.0,0.0,5806.45
2014-01-18,6230.0,0.0,5806.45
2014-01-19,6408.0,0.0,5806.45
2014-01-20,6360.0,0.0,5806.45
2014-01-21,6517.0,0.0,5806.45
2014-01-22,6596.0,0.0,5806.45
2014-01-23,6828.0,0.0,5806.45
2014-01-24,7014.0,0.0,5806.45
2014-01-25,7518.0,0.0,5806.45
2014-01-26,7747.0,0.0,5806.45
2014-01-27,8108.0,0.0,5806.45
2014-01-28,8233.0,0.0,5806.45
2014-01-29,8391.0,0.0,5806.45
2014-01-30,8543.0,0.0,5806.45
2014-01-31,8084.0,0.0,5806.45
2014-02-01,7254.0,0.0,6428.57
2014-02-02,6646.0,582.0,6428.57
2014-02-03,6098.0,743.0,6428.57
2014-02-04,6262.0,724.0,6428.57
2014-02-05,6155.0,804.0,6428.57
2014-02-06,6117.0,771.0,6428.57
2014-02-07,6172.0,830.0,6428.57
2014-02-08,6152.0,837.0,6428.57
2014-02-09,6476.0,800.0,6428.57
2014-02-10,6400.0,782.0,6428.57
2014-02-11,6388.0,736.0,6428.57
2014-02-12,6565.0,663.0,6428.57
2014-02-13,6726.0,701.0,6428.57
2014-02-14,6798.0,732.0,6428.57
2014-02-15,6874.0,714.0,6428.57
2014-02-16,7426.0,791.0,6428.57
2014-02-17,7259.0,808.0,6428.57
2014-02-18,6990.0,811.0,6428.57
2014-02-19,6544.0,866.0,6428.57
2014-02-20,6430.0,844.0,6428.57
2014-02-21,6492.0,708.0,6428.57
2014-02-22,6802.0,661.0,6428.57
2014-02-23,6949.0,616.0,6428.57
2014-02-24,6889.0,627.0,6428.57
2014-02-25,6529.0,624.0,6428.57
2014-02-26,6194.0,565.0,6428.57
2014-02-27,6132.0,550.0,6428.57
2014-02-28,6331.0,523.0,6428.57
2014-03-01,7052.0,603.0,5806.45
2014-03-02,7326.0,588.0,5806.45
2014-03-03,6750.0,591.0,5806.45
2014-03-04,6219.0,496.0,5806.45
2014-03-05,6097.0,528.0,5806.45
2014-03-06,5884.0,469.0,5806.45
2014-03-07,6070.0,510.0,5806.45
2014-03-08,6360.0,495.0,5806.45
2014-03-09,6468.0,557.0,5806.45
2014-03-10,5971.0,519.0,5806.45
2014-03-11,5849.0,513.0,5806.45
2014-03-12,5880.0,524.0,5806.45
2014-03-13,5602.0,476.0,5806.45
2014-03-14,5621.0,459.0,5806.45
2014-03-15,5959.0,479.0,5806.45
2014-03-16,6140.0,520.0,5806.45
2014-03-17,5838.0,582.0,5806.45
2014-03-18,5774.0,473.0,5806.45
2014-03-19,5590.0,472.0,5806.45
2014-03-20,5659.0,487.0,5806.45
2014-03-21,5590.0,458.0,5806.45
2014-03-22,6120.0,508.0,5806.45
2014-03-23,6084.0,473.0,5806.45
2014-03-24,5877.0,500.0,5806.45
2014-03-25,5788.0,467.0,5806.45
2014-03-26,5689.0,496.0,5806.45
2014-03-27,5637.0,503.0,5806.45
2014-03-28,5695.0,440.0,5806.45
2014-03-29,0.0,499.0,5806.45
2014-03-30,0.0,504.0,5806.45
2014-03-31,0.0,526.0,5806.45
2014-04-01,0.0,556.0,6000.0
2014-04-02,0.0,586.0,6000.0
2014-04-03,0.0,601.0,6000.0
2014-04-04,0.0,642.0,6000.0
2014-04-05,0.0,721.0,6000.0
2014-04-06,0.0,647.0,6000.0
2014-04-07,0.0,651.0,6000.0
2014-04-08,0.0,615.0,6000.0
2014-04-09,0.0,610.0,6000.0
2014-04-10,0.0,576.0,6000.0
2014-04-11,0.0,580.0,6000.0
2014-04-12,0.0,649.0,6000.0
2014-04-13,0.0,691.0,6000.0
2014-04-14,0.0,683.0,6000.0
2014-04-15,0.0,695.0,6000.0
2014-04-16,0.0,757.0,6000.0
2014-04-17,0.0,788.0,6000.0
2014-04-18,0.0,715.0,6000.0
2014-04-19,0.0,722.0,6000.0
2014-04-20,0.0,781.0,6000.0
2014-04-21,0.0,927.0,6000.0
2014-04-22,0.0,733.0,6000.0
2014-04-23,0.0,801.0,6000.0
2014-04-24,0.0,826.0,6000.0
2014-04-25,0.0,777.0,6000.0
2014-04-26,0.0,800.0,6000.0
2014-04-27,0.0,800.0,6000.0
2014-04-28,0.0,842.0,6000.0
2014-04-29,0.0,1004.0,6000.0
2014-04-30,0.0,1218.0,6000.0
2014-05-01,0.0,1408.0,5806.45
2014-05-02,0.0,1697.0,5806.45
2014-05-03,0.0,1586.0,5806.45
2014-05-04,0.0,1505.0,5806.45
2014-05-05,0.0,1562.0,5806.45
2014-05-06,0.0,1417.0,5806.45
2014-05-07,0.0,1284.0,5806.45
2014-05-08,0.0,1340.0,5806.45
2014-05-09,0.0,1273.0,5806.45
2014-05-10,0.0,1328.0,5806.45
2014-05-11,0.0,1422.0,5806.45
2014-05-12,0.0,1524.0,5806.45
2014-05-13,0.0,1519.0,5806.45
2014-05-14,0.0,1445.0,5806.45
2014-05-15,0.0,1538.0,5806.45
2014-05-16,0.0,1638.0,5806.45
2014-05-17,0.0,1598.0,5806.45
2014-05-18,0.0,1935.0,5806.45
2014-05-19,0.0,1936.0,5806.45
2014-05-20,0.0,1996.0,5806.45
2014-05-21,0.0,1927.0,5806.45
2014-05-22,0.0,1960.0,5806.45
2014-05-23,0.0,2035.0,5806.45
2014-05-24,0.0,1833.0,5806.45
2014-05-25,0.0,1938.0,5806.45
2014-05-26,0.0,2089.0,5806.45
2014-05-27,0.0,2104.0,5806.45
2014-05-28,0.0,2067.0,5806.45
2014-05-29,0.0,2083.0,5806.45
2014-05-30,0.0,1987.0,5806.45
2014-05-31,0.0,2089.0,5806.45
2014-06-01,0.0,2159.0,6000.0
2014-06-02,0.0,2341.0,6000.0
2014-06-03,0.0,2351.0,6000.0
2014-06-04,0.0,2316.0,6000.0
2014-06-05,0.0,2244.0,6000.0
2014-06-06,0.0,2266.0,6000.0
2014-06-07,0.0,2296.0,6000.0
2014-06-08,0.0,2263.0,6000.0
2014-06-09,0.0,2453.0,6000.0
2014-06-10,0.0,2439.0,6000.0
2014-06-11,0.0,2553.0,6000.0
2014-06-12,0.0,2736.0,6000.0
2014-06-13,0.0,2775.0,6000.0
2014-06-14,0.0,2690.0,6000.0
2014-06-15,0.0,2724.0,6000.0
2014-06-16,0.0,2773.0,6000.0
2014-06-17,0.0,2740.0,6000.0
2014-06-18,0.0,2628.0,6000.0
2014-06-19,0.0,2706.0,6000.0
2014-06-20,0.0,2649.0,6000.0
2014-06-21,0.0,2535.0,6000.0
2014-06-22,0.0,2702.0,6000.0
2014-06-23,0.0,2796.0,6000.0
2014-06-24,0.0,2696.0,6000.0
2014-06-25,0.0,2784.0,6000.0
2014-06-26,0.0,2734.0,6000.0
2014-06-27,0.0,2747.0,6000.0
2014-06-28,0.0,2656.0,6000.0
2014-06-29,0.0,2750.0,6000.0
2014-06-30,0.0,2930.0,6000.0
2014-07-01,0.0,3150.0,6451.61
2014-07-02,0.0,3383.0,6451.61
2014-07-03,0.0,3301.0,6451.61
2014-07-04,0.0,3286.0,6451.61
2014-07-05,0.0,3200.0,6451.61
2014-07-06,0.0,3183.0,6451.61
2014-07-07,0.0,3380.0,6451.61
2014-07-08,0.0,3333.0,6451.61
2014-07-09,0.0,3276.0,6451.61
2014-07-10,0.0,3319.0,6451.61
2014-07-11,0.0,3276.0,6451.61
2014-07-12,0.0,3339.0,6451.61
2014-07-13,0.0,3404.0,6451.61
2014-07-14,0.0,3310.0,6451.61
2014-07-15,0.0,3379.0,6451.61
2014-07-16,0.0,3391.0,6451.61
2014-07-17,0.0,3310.0,6451.61
2014-07-18,0.0,3448.0,6451.61
2014-07-19,0.0,3303.0,6451.61
2014-07-20,0.0,3296.0,6451.61
2014-07-21,0.0,3449.0,6451.61
2014-07-22,0.0,3615.0,6451.61
2014-07-23,0.0,3422.0,6451.61
2014-07-24,0.0,3413.0,6451.61
2014-07-25,0.0,3388.0,6451.61
2014-07-26,0.0,3236.0,6451.61
2014-07-27,0.0,3246.0,6451.61
2014-07-28,0.0,3314.0,6451.61
2014-07-29,0.0,3318.0,6451.61
2014-07-30,0.0,3095.0,6451.61
2014-07-31,0.0,3202.0,6451.61
2014-08-01,0.0,3713.0,6451.61
2014-08-02,0.0,3920.0,6451.61
2014-08-03,0.0,3729.0,6451.61
2014-08-04,0.0,3709.0,6451.61
2014-08-05,0.0,3671.0,6451.61
2014-08-06,0.0,3441.0,6451.61
2014-08-07,0.0,3513.0,6451.61
2014-08-08,0.0,3375.0,6451.61
2014-08-09,0.0,3402.0,6451.61
2014-08-10,0.0,3354.0,6451.61
2014-08-11,0.0,3431.0,6451.61
2014-08-12,0.0,3371.0,6451.61
2014-08-13,0.0,3334.0,6451.61
2014-08-14,0.0,3293.0,6451.61
2014-08-15,0.0,3238.0,6451.61
2014-08-16,0.0,3311.0,6451.61
2014-08-17,0.0,3448.0,6451.61
2014-08-18,0.0,3357.0,6451.61
2014-08-19,0.0,3303.0,6451.61
2014-08-20,0.0,3355.0,6451.61
2014-08-21,0.0,3374.0,6451.61
2014-08-22,0.0,3191.0,6451.61
2014-08-23,0.0,3170.0,6451.61
2014-08-24,0.0,3206.0,6451.61
2014-08-25,0.0,3152.0,6451.61
2014-08-26,0.0,3212.0,6451.61
2014-08-27,0.0,3209.0,6451.61
2014-08-28,0.0,3227.0,6451.61
2014-08-29,0.0,2967.0,6451.61
2014-08-30,0.0,3086.0,6451.61
2014-08-31,0.0,3198.0,6451.61
2014-09-01,0.0,3519.0,6666.67
2014-09-02,0.0,3705.0,6666.67
2014-09-03,0.0,3602.0,6666.67
2014-09-04,0.0,3560.0,6666.67
2014-09-05,0.0,3267.0,6666.67
2014-09-06,0.0,3302.0,6666.67
2014-09-07,0.0,3372.0,6666.67
2014-09-08,0.0,3515.0,6666.67
2014-09-09,0.0,3202.0,6666.67
2014-09-10,0.0,3123.0,6666.67
2014-09-11,0.0,2953.0,6666.67
2014-09-12,0.0,3099.0,6666.67
2014-09-13,0.0,2950.0,6666.67
2014-09-14,0.0,3111.0,6666.67
2014-09-15,0.0,3013.0,6666.67
2014-09-16,0.0,2871.0,6666.67
2014-09-17,0.0,2745.0,6666.67
2014-09-18,0.0,3021.0,6666.67
2014-09-19,0.0,3295.0,6666.67
2014-09-20,0.0,3498.0,6666.67
2014-09-21,0.0,3439.0,6666.67
2014-09-22,0.0,3311.0,6666.67
2014-09-23,0.0,3046.0,6666.67
2014-09-24,0.0,2800.0,6666.67
2014-09-25,0.0,2830.0,6666.67
2014-09-26,0.0,2795.0,6666.67
2014-09-27,0.0,2760.0,6666.67
2014-09-28,0.0,2732.0,6666.67
2014-09-29,0.0,2740.0,6666.67
2014-09-30,0.0,3013.0,6666.67
2014-10-01,0.0,3579.0,6451.61
2014-10-02,0.0,4379.0,6451.61
2014-10-03,0.0,4332.0,6451.61
2014-10-04,0.0,4211.0,6451.61
2014-10-05,0.0,3873.0,6451.61
2014-10-06,0.0,3781.0,6451.61
2014-10-07,0.0,3651.0,6451.61
2014-10-08,0.0,3580.0,6451.61
2014-10-09,0.0,3523.0,6451.61
2014-10-10,0.0,3331.0,6451.61
2014-10-11,0.0,3360.0,6451.61
2014-10-12,0.0,3200.0,6451.61
2014-10-13,0.0,3361.0,6451.61
2014-10-14,0.0,3321.0,6451.61
2014-10-15,0.0,3146.0,6451.61
2014-10-16,0.0,2926.0,6451.61
2014-10-17,0.0,2969.0,6451.61
2014-10-18,0.0,2970.0,6451.61
2014-10-19,0.0,3090.0,6451.61
2014-10-20,0.0,3108.0,6451.61
2014-10-21,0.0,3119.0,6451.61
2014-10-22,0.0,2983.0,6451.61
2014-10-23,0.0,2952.0,6451.61
2014-10-24,0.0,2925.0,6451.61
2014-10-25,0.0,3016.0,6451.61
2014-10-26,0.0,3130.0,6451.61
2014-10-27,0.0,3076.0,6451.61
2014-10-28,0.0,3049.0,6451.61
2014-10-29,0.0,2975.0,6451.61
2014-10-30,0.0,2962.0,6451.61
2014-10-31,0.0,2977.0,6451.61
2014-11-01,0.0,3030.0,6000.0
2014-11-02,0.0,3207.0,6000.0
2014-11-03,0.0,3474.0,6000.0
2014-11-04,0.0,3488.0,6000.0
2014-11-05,0.0,3519.0,6000.0
2014-11-06,0.0,3365.0,6000.0
2014-11-07,0.0,3242.0,6000.0
2014-11-08,0.0,3283.0,6000.0
2014-11-09,0.0,3379.0,6000.0
2014-11-10,0.0,3389.0,6000.0
2014-11-11,0.0,3320.0,6000.0
2014-11-12,0.0,3322.0,6000.0
2014-11-13,0.0,3227.0,6000.0
2014-11-14,0.0,3251.0,6000.0
2014-11-15,0.0,3145.0,6000.0
2014-11-16,0.0,3300.0,6000.0
2014-11-17,0.0,3407.0,6000.0
2014-11-18,0.0,3409.0,6000.0
2014-11-19,0.0,3285.0,6000.0
2014-11-20,0.0,3175.0,6000.0
2014-11-21,0.0,3257.0,6000.0
2014-11-22,0.0,3317.0,6000.0
2014-11-23,0.0,3509.0,6000.0
2014-11-24,0.0,3474.0,6000.0
2014-11-25,0.0,3322.0,6000.0
2014-11-26,0.0,3335.0,6000.0
2014-11-27,0.0,3268.0,6000.0
2014-11-28,0.0,3258.0,6000.0
2014-11-29,0.0,3430.0,6000.0
2014-11-30,0.0,3591.0,6000.0
2014-12-01,0.0,4119.0,5806.45
2014-12-02,0.0,4126.0,5806.45
2014-12-03,0.0,4162.0,5806.45
2014-12-04,0.0,4274.0,5806.45
2014-12-05,0.0,4151.0,5806.45
2014-12-06,0.0,4237.0,5806.45
2014-12-07,0.0,4325.0,5806.45
2014-12-08,0.0,4461.0,5806.45
2014-12-09,0.0,4306.0,5806.45
2014-12-10,0.0,4065.0,5806.45
2014-12-11,0.0,4093.0,5806.45
2014-12-12,0.0,4118.0,5806.45
2014-12-13,0.0,4284.0,5806.45
2014-12-14,0.0,4321.0,5806.45
2014-12-15,0.0,4441.0,5806.45
2014-12-16,0.0,4452.0,5806.45
2014-12-17,0.0,4315.0,5806.45
2014-12-18,0.0,4221.0,5806.45
2014-12-19,0.0,4117.0,5806.45
2014-12-20,0.0,4188.0,5806.45
2014-12-21,0.0,4370.0,5806.45
2014-12-22,0.0,4430.0,5806.45
2014-12-23,0.0,4351.0,5806.45
2014-12-24,0.0,4284.0,5806.45
2014-12-25,0.0,4380.0,5806.45
2014-12-26,0.0,4410.0,5806.45
2014-12-27,0.0,4349.0,5806.45
2014-12-28,0.0,4465.0,5806.45
2014-12-29,0.0,4556.0,5806.45
2014-12-30,0.0,4465.0,5806.45
2014-12-31,0.0,4658.0,5806.45
