date,new,old,est
2014-01-01,9587.0,0.0,8292.0
2014-01-02,10626.0,0.0,8292.0
2014-01-03,10187.0,0.0,8292.0
2014-01-04,10094.0,0.0,8292.0
2014-01-05,9762.0,0.0,8292.0
2014-01-06,9241.0,0.0,8292.0
2014-01-07,9290.0,0.0,8292.0
2014-01-08,9076.0,0.0,8292.0
2014-01-09,8731.0,0.0,8292.0
2014-01-10,8856.0,0.0,8292.0
2014-01-11,9525.0,0.0,8292.0
2014-01-12,9554.0,0.0,8292.0
2014-01-13,8989.0,0.0,8292.0
2014-01-14,8823.0,0.0,8292.0
2014-01-15,8866.0,0.0,8292.0
2014-01-16,9181.0,0.0,8292.0
2014-01-17,9345.0,0.0,8292.0
2014-01-18,9700.0,0.0,8292.0
2014-01-19,9963.0,0.0,8292.0
2014-01-20,9916.0,0.0,8292.0
2014-01-21,10134.0,0.0,8292.0
2014-01-22,10282.0,0.0,8292.0
2014-01-23,10476.0,0.0,8292.0
2014-01-24,11195.0,0.0,8292.0
2014-01-25,11086.0,0.0,8292.0
2014-01-26,11603.0,0.0,8292.0
2014-01-27,11814.0,0.0,8292.0
2014-01-28,12230.0,0.0,8292.0
2014-01-29,12102.0,0.0,8292.0
2014-01-30,11855.0,0.0,8292.0
2014-01-31,11390.0,0.0,8292.0
2014-02-01,10822.0,0.0,9214.0
2014-02-02,10411.0,3337.0,9214.0
2014-02-03,10014.0,3936.0,9214.0
2014-02-04,9497.0,4103.0,9214.0
2014-02-05,9542.0,4450.0,9214.0
2014-02-06,9682.0,4665.0,9214.0
2014-02-07,9479.0,5056.0,9214.0
2014-02-08,9649.0,5001.0,9214.0
2014-02-09,9764.0,4816.0,9214.0
2014-02-10,9477.0,4009.0,9214.0
2014-02-11,9218.0,3264.0,9214.0
2014-02-12,9768.0,3017.0,9214.0
2014-02-13,9839.0,2808.0,9214.0
2014-02-14,9886.0,2994.0,9214.0
2014-02-15,9692.0,3078.0,9214.0
2014-02-16,10071.0,3361.0,9214.0
2014-02-17,10342.0,3900.0,9214.0
2014-02-18,9900.0,4307.0,9214.0
2014-02-19,9428.0,4352.0,9214.0
2014-02-20,9564.0,4351.0,9214.0
2014-02-21,9867.0,4592.0,9214.0
2014-02-22,10485.0,4792.0,9214.0
2014-02-23,10899.0,5140.0,9214.0
2014-02-24,10550.0,5263.0,9214.0
2014-02-25,10446.0,5526.0,9214.0
2014-02-26,10317.0,5777.0,9214.0
2014-02-27,10329.0,6032.0,9214.0
2014-02-28,10511.0,6188.0,9214.0
2014-03-01,11938.0,7760.0,8709.0
2014-03-02,11993.0,7238.0,8709.0
2014-03-03,10762.0,6584.0,8709.0
2014-03-04,10683.0,6191.0,8709.0
2014-03-05,10343.0,6030.0,8709.0
2014-03-06,10210.0,5721.0,8709.0
2014-03-07,10353.0,5698.0,8709.0
2014-03-08,10896.0,5844.0,8709.0
2014-03-09,10648.0,6321.0,8709.0
2014-03-10,9980.0,6085.0,8709.0
2014-03-11,9797.0,5725.0,8709.0
2014-03-12,10021.0,5597.0,8709.0
2014-03-13,9434.0,5562.0,8709.0
2014-03-14,9498.0,5101.0,8709.0
2014-03-15,10251.0,5276.0,8709.0
2014-03-16,10366.0,5699.0,8709.0
2014-03-17,9619.0,5778.0,8709.0
2014-03-18,9626.0,5205.0,8709.0
2014-03-19,9498.0,5407.0,8709.0
2014-03-20,9317.0,5195.0,8709.0
2014-03-21,9487.0,5014.0,8709.0
2014-03-22,9989.0,5313.0,8709.0
2014-03-23,10047.0,5850.0,8709.0
2014-03-24,9541.0,5590.0,8709.0
2014-03-25,9025.0,4914.0,8709.0
2014-03-26,8797.0,5008.0,8709.0
2014-03-27,8886.0,5050.0,8709.0
2014-03-28,9495.0,5212.0,8709.0
2014-03-29,0.0,5500.0,8709.0
2014-03-30,0.0,5989.0,8709.0
2014-03-31,0.0,5786.0,8709.0
2014-04-01,0.0,6509.0,9450.0
2014-04-02,0.0,6849.0,9450.0
2014-04-03,0.0,6491.0,9450.0
2014-04-04,0.0,6961.0,9450.0
2014-04-05,0.0,6632.0,9450.0
2014-04-06,0.0,5740.0,9450.0
2014-04-07,0.0,5165.0,9450.0
2014-04-08,0.0,5106.0,9450.0
2014-04-09,0.0,5281.0,9450.0
2014-04-10,0.0,5253.0,9450.0
2014-04-11,0.0,5082.0,9450.0
2014-04-12,0.0,5359.0,9450.0
2014-04-13,0.0,5605.0,9450.0
2014-04-14,0.0,5398.0,9450.0
2014-04-15,0.0,4939.0,9450.0
2014-04-16,0.0,5104.0,9450.0
2014-04-17,0.0,5148.0,9450.0
2014-04-18,0.0,5304.0,9450.0
2014-04-19,0.0,5312.0,9450.0
2014-04-20,0.0,5801.0,9450.0
2014-04-21,0.0,5438.0,9450.0
2014-04-22,0.0,5261.0,9450.0
2014-04-23,0.0,5044.0,9450.0
2014-04-24,0.0,5029.0,9450.0
2014-04-25,0.0,4930.0,9450.0
2014-04-26,0.0,4902.0,9450.0
2014-04-27,0.0,5171.0,9450.0
2014-04-28,0.0,5572.0,9450.0
2014-04-29,0.0,6321.0,9450.0
2014-04-30,0.0,6818.0,9450.0
2014-05-01,0.0,7760.0,9602.0
2014-05-02,0.0,8369.0,9602.0
2014-05-03,0.0,7633.0,9602.0
2014-05-04,0.0,7477.0,9602.0
2014-05-05,0.0,7008.0,9602.0
2014-05-06,0.0,6385.0,9602.0
2014-05-07,0.0,6342.0,9602.0
2014-05-08,0.0,6016.0,9602.0
2014-05-09,0.0,5914.0,9602.0
2014-05-10,0.0,5851.0,9602.0
2014-05-11,0.0,6087.0,9602.0
2014-05-12,0.0,6141.0,9602.0
2014-05-13,0.0,5456.0,9602.0
2014-05-14,0.0,5408.0,9602.0
2014-05-15,0.0,5361.0,9602.0
2014-05-16,0.0,5518.0,9602.0
2014-05-17,0.0,5978.0,9602.0
2014-05-18,0.0,6804.0,9602.0
2014-05-19,0.0,6593.0,9602.0
2014-05-20,0.0,5879.0,9602.0
2014-05-21,0.0,5975.0,9602.0
2014-05-22,0.0,5649.0,9602.0
2014-05-23,0.0,5716.0,9602.0
2014-05-24,0.0,5868.0,9602.0
2014-05-25,0.0,6287.0,9602.0
2014-05-26,0.0,6328.0,9602.0
2014-05-27,0.0,5403.0,9602.0
2014-05-28,0.0,5631.0,9602.0
2014-05-29,0.0,5504.0,9602.0
2014-05-30,0.0,5769.0,9602.0
2014-05-31,0.0,6228.0,9602.0
2014-06-01,0.0,7433.0,10418.0
2014-06-02,0.0,7595.0,10418.0
2014-06-03,0.0,6519.0,10418.0
2014-06-04,0.0,6727.0,10418.0
2014-06-05,0.0,6606.0,10418.0
2014-06-06,0.0,6628.0,10418.0
2014-06-07,0.0,6630.0,10418.0
2014-06-08,0.0,6412.0,10418.0
2014-06-09,0.0,6608.0,10418.0
2014-06-10,0.0,6937.0,10418.0
2014-06-11,0.0,7210.0,10418.0
2014-06-12,0.0,7038.0,10418.0
2014-06-13,0.0,6453.0,10418.0
2014-06-14,0.0,6495.0,10418.0
2014-06-15,0.0,6532.0,10418.0
2014-06-16,0.0,6582.0,10418.0
2014-06-17,0.0,6480.0,10418.0
2014-06-18,0.0,6340.0,10418.0
2014-06-19,0.0,6450.0,10418.0
2014-06-20,0.0,6766.0,10418.0
2014-06-21,0.0,7107.0,10418.0
2014-06-22,0.0,7268.0,10418.0
2014-06-23,0.0,7297.0,10418.0
2014-06-24,0.0,6970.0,10418.0
2014-06-25,0.0,6944.0,10418.0
2014-06-26,0.0,7131.0,10418.0
2014-06-27,0.0,7338.0,10418.0
2014-06-28,0.0,7390.0,10418.0
2014-06-29,0.0,7557.0,10418.0
2014-06-30,0.0,7822.0,10418.0
2014-07-01,0.0,8722.0,10586.0
2014-07-02,0.0,9173.0,10586.0
2014-07-03,0.0,8440.0,10586.0
2014-07-04,0.0,8332.0,10586.0
2014-07-05,0.0,8339.0,10586.0
2014-07-06,0.0,8067.0,10586.0
2014-07-07,0.0,8122.0,10586.0
2014-07-08,0.0,7800.0,10586.0
2014-07-09,0.0,8003.0,10586.0
2014-07-10,0.0,7773.0,10586.0
2014-07-11,0.0,7641.0,10586.0
2014-07-12,0.0,7743.0,10586.0
2014-07-13,0.0,7847.0,10586.0
2014-07-14,0.0,7734.0,10586.0
2014-07-15,0.0,7639.0,10586.0
2014-07-16,0.0,7665.0,10586.0
2014-07-17,0.0,7640.0,10586.0
2014-07-18,0.0,7670.0,10586.0
2014-07-19,0.0,7572.0,10586.0
2014-07-20,0.0,7658.0,10586.0
2014-07-21,0.0,7888.0,10586.0
2014-07-22,0.0,7754.0,10586.0
2014-07-23,0.0,7620.0,10586.0
2014-07-24,0.0,7395.0,10586.0
2014-07-25,0.0,7530.0,10586.0
2014-07-26,0.0,7760.0,10586.0
2014-07-27,0.0,7626.0,10586.0
2014-07-28,0.0,7752.0,10586.0
2014-07-29,0.0,7701.0,10586.0
2014-07-30,0.0,7694.0,10586.0
2014-07-31,0.0,8096.0,10586.0
2014-08-01,0.0,8985.0,11116.0
2014-08-02,0.0,9385.0,11116.0
2014-08-03,0.0,9083.0,11116.0
2014-08-04,0.0,8960.0,11116.0
2014-08-05,0.0,8449.0,11116.0
2014-08-06,0.0,8399.0,11116.0
2014-08-07,0.0,8609.0,11116.0
2014-08-08,0.0,8215.0,11116.0
2014-08-09,0.0,8506.0,11116.0
2014-08-10,0.0,8508.0,11116.0
2014-08-11,0.0,8285.0,11116.0
2014-08-12,0.0,8107.0,11116.0
2014-08-13,0.0,8187.0,11116.0
2014-08-14,0.0,8311.0,11116.0
2014-08-15,0.0,8318.0,11116.0
2014-08-16,0.0,8263.0,11116.0
2014-08-17,0.0,8373.0,11116.0
2014-08-18,0.0,8369.0,11116.0
2014-08-19,0.0,8253.0,11116.0
2014-08-20,0.0,8162.0,11116.0
2014-08-21,0.0,8388.0,11116.0
2014-08-22,0.0,8295.0,11116.0
2014-08-23,0.0,8328.0,11116.0
2014-08-24,0.0,8358.0,11116.0
2014-08-25,0.0,8632.0,11116.0
2014-08-26,0.0,8441.0,11116.0
2014-08-27,0.0,8217.0,11116.0
2014-08-28,0.0,8375.0,11116.0
2014-08-29,0.0,8489.0,11116.0
2014-08-30,0.0,8694.0,11116.0
2014-08-31,0.0,8451.0,11116.0
2014-09-01,0.0,9593.0,12060.0
2014-09-02,0.0,9775.0,12060.0
2014-09-03,0.0,9478.0,12060.0
2014-09-04,0.0,9188.0,12060.0
2014-09-05,0.0,9057.0,12060.0
2014-09-06,0.0,9105.0,12060.0
2014-09-07,0.0,9697.0,12060.0
2014-09-08,0.0,9981.0,12060.0
2014-09-09,0.0,9613.0,12060.0
2014-09-10,0.0,9459.0,12060.0
2014-09-11,0.0,8665.0,12060.0
2014-09-12,0.0,8907.0,12060.0
2014-09-13,0.0,8850.0,12060.0
2014-09-14,0.0,9424.0,12060.0
2014-09-15,0.0,9672.0,12060.0
2014-09-16,0.0,9070.0,12060.0
2014-09-17,0.0,8791.0,12060.0
2014-09-18,0.0,9174.0,12060.0
2014-09-19,0.0,10120.0,12060.0
2014-09-20,0.0,10018.0,12060.0
2014-09-21,0.0,9836.0,12060.0
2014-09-22,0.0,8865.0,12060.0
2014-09-23,0.0,8756.0,12060.0
2014-09-24,0.0,8309.0,12060.0
2014-09-25,0.0,7989.0,12060.0
2014-09-26,0.0,7676.0,12060.0
2014-09-27,0.0,7867.0,12060.0
2014-09-28,0.0,8147.0,12060.0
2014-09-29,0.0,7966.0,12060.0
2014-09-30,0.0,8650.0,12060.0
2014-10-01,0.0,10510.0,12903.0
2014-10-02,0.0,11748.0,12903.0
2014-10-03,0.0,10947.0,12903.0
2014-10-04,0.0,10221.0,12903.0
2014-10-05,0.0,9901.0,12903.0
2014-10-06,0.0,9689.0,12903.0
2014-10-07,0.0,9500.0,12903.0
2014-10-08,0.0,8854.0,12903.0
2014-10-09,0.0,8840.0,12903.0
2014-10-10,0.0,8823.0,12903.0
2014-10-11,0.0,8578.0,12903.0
2014-10-12,0.0,8589.0,12903.0
2014-10-13,0.0,9303.0,12903.0
2014-10-14,0.0,8495.0,12903.0
2014-10-15,0.0,8255.0,12903.0
2014-10-16,0.0,7782.0,12903.0
2014-10-17,0.0,7865.0,12903.0
2014-10-18,0.0,8060.0,12903.0
2014-10-19,0.0,8626.0,12903.0
2014-10-20,0.0,8440.0,12903.0
2014-10-21,0.0,7781.0,12903.0
2014-10-22,0.0,7505.0,12903.0
2014-10-23,0.0,7602.0,12903.0
2014-10-24,0.0,7471.0,12903.0
2014-10-25,0.0,7483.0,12903.0
2014-10-26,0.0,8082.0,12903.0
2014-10-27,0.0,7988.0,12903.0
2014-10-28,0.0,7475.0,12903.0
2014-10-29,0.0,7542.0,12903.0
2014-10-30,0.0,7649.0,12903.0
2014-10-31,0.0,7946.0,12903.0
2014-11-01,0.0,8918.0,13333.0
2014-11-02,0.0,9271.0,13333.0
2014-11-03,0.0,9023.0,13333.0
2014-11-04,0.0,7987.0,13333.0
2014-11-05,0.0,8115.0,13333.0
2014-11-06,0.0,7836.0,13333.0
2014-11-07,0.0,7714.0,13333.0
2014-11-08,0.0,8030.0,13333.0
2014-11-09,0.0,8818.0,13333.0
2014-11-10,0.0,8514.0,13333.0
2014-11-11,0.0,7760.0,13333.0
2014-11-12,0.0,7714.0,13333.0
2014-11-13,0.0,7575.0,13333.0
2014-11-14,0.0,7345.0,13333.0
2014-11-15,0.0,7362.0,13333.0
2014-11-16,0.0,7798.0,13333.0
2014-11-17,0.0,7855.0,13333.0
2014-11-18,0.0,7438.0,13333.0
2014-11-19,0.0,7191.0,13333.0
2014-11-20,0.0,7114.0,13333.0
2014-11-21,0.0,7255.0,13333.0
2014-11-22,0.0,7613.0,13333.0
2014-11-23,0.0,8213.0,13333.0
2014-11-24,0.0,8280.0,13333.0
2014-11-25,0.0,7145.0,13333.0
2014-11-26,0.0,7071.0,13333.0
2014-11-27,0.0,7004.0,13333.0
2014-11-28,0.0,6747.0,13333.0
2014-11-29,0.0,7036.0,13333.0
2014-11-30,0.0,7690.0,13333.0
2014-12-01,0.0,8345.0,12903.0
2014-12-02,0.0,8262.0,12903.0
2014-12-03,0.0,8161.0,12903.0
2014-12-04,0.0,7818.0,12903.0
2014-12-05,0.0,7763.0,12903.0
2014-12-06,0.0,8078.0,12903.0
2014-12-07,0.0,8404.0,12903.0
2014-12-08,0.0,8498.0,12903.0
2014-12-09,0.0,7671.0,12903.0
2014-12-10,0.0,7435.0,12903.0
2014-12-11,0.0,7269.0,12903.0
2014-12-12,0.0,7348.0,12903.0
2014-12-13,0.0,7577.0,12903.0
2014-12-14,0.0,8181.0,12903.0
2014-12-15,0.0,8274.0,12903.0
2014-12-16,0.0,7725.0,12903.0
2014-12-17,0.0,7418.0,12903.0
2014-12-18,0.0,6979.0,12903.0
2014-12-19,0.0,6970.0,12903.0
2014-12-20,0.0,7329.0,12903.0
2014-12-21,0.0,7760.0,12903.0
2014-12-22,0.0,7796.0,12903.0
2014-12-23,0.0,7382.0,12903.0
2014-12-24,0.0,7334.0,12903.0
2014-12-25,0.0,7152.0,12903.0
2014-12-26,0.0,7420.0,12903.0
2014-12-27,0.0,7615.0,12903.0
2014-12-28,0.0,8046.0,12903.0
2014-12-29,0.0,8303.0,12903.0
2014-12-30,0.0,7850.0,12903.0
2014-12-31,0.0,8443.0,12903.0
