date,new,old,est
2014-01-01,6266.0,0.0,4980.81
2014-01-02,6733.0,0.0,4980.81
2014-01-03,6226.0,0.0,4980.81
2014-01-04,6387.0,0.0,4980.81
2014-01-05,6321.0,0.0,4980.81
2014-01-06,6114.0,0.0,4980.81
2014-01-07,5691.0,0.0,4980.81
2014-01-08,5639.0,0.0,4980.81
2014-01-09,5535.0,0.0,4980.81
2014-01-10,5629.0,0.0,4980.81
2014-01-11,6083.0,0.0,4980.81
2014-01-12,6415.0,0.0,4980.81
2014-01-13,5980.0,0.0,4980.81
2014-01-14,5698.0,0.0,4980.81
2014-01-15,5743.0,0.0,4980.81
2014-01-16,5699.0,0.0,4980.81
2014-01-17,5950.0,0.0,4980.81
2014-01-18,6069.0,0.0,4980.81
2014-01-19,6036.0,0.0,4980.81
2014-01-20,6192.0,0.0,4980.81
2014-01-21,6063.0,0.0,4980.81
2014-01-22,5819.0,0.0,4980.81
2014-01-23,6310.0,0.0,4980.81
2014-01-24,6223.0,0.0,4980.81
2014-01-25,6114.0,0.0,4980.81
2014-01-26,6232.0,0.0,4980.81
2014-01-27,5975.0,0.0,4980.81
2014-01-28,6058.0,0.0,4980.81
2014-01-29,5991.0,0.0,4980.81
2014-01-30,5998.0,0.0,4980.81
2014-01-31,5839.0,0.0,4980.81
2014-02-01,5882.0,0.0,5411.11
2014-02-02,6544.0,2998.0,5411.11
2014-02-03,6152.0,3433.0,5411.11
2014-02-04,6164.0,3551.0,5411.11
2014-02-05,6315.0,3640.0,5411.11
2014-02-06,6187.0,4485.0,5411.11
2014-02-07,6149.0,4906.0,5411.11
2014-02-08,6371.0,5573.0,5411.11
2014-02-09,6489.0,5892.0,5411.11
2014-02-10,6269.0,4199.0,5411.11
2014-02-11,6165.0,2877.0,5411.11
2014-02-12,6077.0,2843.0,5411.11
2014-02-13,6262.0,3346.0,5411.11
2014-02-14,6174.0,3795.0,5411.11
2014-02-15,6146.0,4327.0,5411.11
2014-02-16,6043.0,4593.0,5411.11
2014-02-17,5721.0,4786.0,5411.11
2014-02-18,5473.0,4935.0,5411.11
2014-02-19,5280.0,4603.0,5411.11
2014-02-20,5101.0,4696.0,5411.11
2014-02-21,5361.0,4863.0,5411.11
2014-02-22,5837.0,4773.0,5411.11
2014-02-23,6266.0,5017.0,5411.11
2014-02-24,5687.0,5099.0,5411.11
2014-02-25,5223.0,5339.0,5411.11
2014-02-26,5166.0,4978.0,5411.11
2014-02-27,5026.0,4634.0,5411.11
2014-02-28,5484.0,4351.0,5411.11
2014-03-01,6352.0,4992.0,5213.13
2014-03-02,7393.0,5555.0,5213.13
2014-03-03,6154.0,5283.0,5213.13
2014-03-04,5447.0,5171.0,5213.13
2014-03-05,5382.0,4334.0,5213.13
2014-03-06,5228.0,4255.0,5213.13
2014-03-07,5457.0,4162.0,5213.13
2014-03-08,6184.0,4303.0,5213.13
2014-03-09,6712.0,4891.0,5213.13
2014-03-10,5704.0,5478.0,5213.13
2014-03-11,5175.0,5140.0,5213.13
2014-03-12,5000.0,4663.0,5213.13
2014-03-13,5119.0,4367.0,5213.13
2014-03-14,5245.0,4359.0,5213.13
2014-03-15,5830.0,4826.0,5213.13
2014-03-16,6233.0,5745.0,5213.13
2014-03-17,5415.0,6004.0,5213.13
2014-03-18,4879.0,5608.0,5213.13
2014-03-19,4994.0,5071.0,5213.13
2014-03-20,4757.0,4959.0,5213.13
2014-03-21,5072.0,5068.0,5213.13
2014-03-22,5302.0,5322.0,5213.13
2014-03-23,5776.0,5860.0,5213.13
2014-03-24,5228.0,6483.0,5213.13
2014-03-25,4692.0,5945.0,5213.13
2014-03-26,4649.0,5119.0,5213.13
2014-03-27,4590.0,5023.0,5213.13
2014-03-28,4903.0,4866.0,5213.13
2014-03-29,0.0,4958.0,5213.13
2014-03-30,0.0,5362.0,5213.13
2014-03-31,0.0,5347.0,5213.13
2014-04-01,0.0,5890.0,5386.87
2014-04-02,0.0,6384.0,5386.87
2014-04-03,0.0,5779.0,5386.87
2014-04-04,0.0,6288.0,5386.87
2014-04-05,0.0,6743.0,5386.87
2014-04-06,0.0,6153.0,5386.87
2014-04-07,0.0,5646.0,5386.87
2014-04-08,0.0,5220.0,5386.87
2014-04-09,0.0,5151.0,5386.87
2014-04-10,0.0,5127.0,5386.87
2014-04-11,0.0,5652.0,5386.87
2014-04-12,0.0,5878.0,5386.87
2014-04-13,0.0,6335.0,5386.87
2014-04-14,0.0,6676.0,5386.87
2014-04-15,0.0,6297.0,5386.87
2014-04-16,0.0,6009.0,5386.87
2014-04-17,0.0,6054.0,5386.87
2014-04-18,0.0,6249.0,5386.87
2014-04-19,0.0,6279.0,5386.87
2014-04-20,0.0,6695.0,5386.87
2014-04-21,0.0,7047.0,5386.87
2014-04-22,0.0,6796.0,5386.87
2014-04-23,0.0,6067.0,5386.87
2014-04-24,0.0,5918.0,5386.87
2014-04-25,0.0,5815.0,5386.87
2014-04-26,0.0,5727.0,5386.87
2014-04-27,0.0,6092.0,5386.87
2014-04-28,0.0,6279.0,5386.87
2014-04-29,0.0,7100.0,5386.87
2014-04-30,0.0,8081.0,5386.87
2014-05-01,0.0,9866.0,5213.13
2014-05-02,0.0,12416.0,5213.13
2014-05-03,0.0,9446.0,5213.13
2014-05-04,0.0,8413.0,5213.13
2014-05-05,0.0,8180.0,5213.13
2014-05-06,0.0,7752.0,5213.13
2014-05-07,0.0,6985.0,5213.13
2014-05-08,0.0,7074.0,5213.13
2014-05-09,0.0,6844.0,5213.13
2014-05-10,0.0,7108.0,5213.13
2014-05-11,0.0,7249.0,5213.13
2014-05-12,0.0,7451.0,5213.13
2014-05-13,0.0,7289.0,5213.13
2014-05-14,0.0,6417.0,5213.13
2014-05-15,0.0,6497.0,5213.13
2014-05-16,0.0,6516.0,5213.13
2014-05-17,0.0,7246.0,5213.13
2014-05-18,0.0,8446.0,5213.13
2014-05-19,0.0,8486.0,5213.13
2014-05-20,0.0,7822.0,5213.13
2014-05-21,0.0,7028.0,5213.13
2014-05-22,0.0,6669.0,5213.13
2014-05-23,0.0,6491.0,5213.13
2014-05-24,0.0,6498.0,5213.13
2014-05-25,0.0,7075.0,5213.13
2014-05-26,0.0,7334.0,5213.13
2014-05-27,0.0,6878.0,5213.13
2014-05-28,0.0,6314.0,5213.13
2014-05-29,0.0,6232.0,5213.13
2014-05-30,0.0,6320.0,5213.13
2014-05-31,0.0,6525.0,5213.13
2014-06-01,0.0,7500.0,5386.87
2014-06-02,0.0,9636.0,5386.87
2014-06-03,0.0,8617.0,5386.87
2014-06-04,0.0,7291.0,5386.87
2014-06-05,0.0,7373.0,5386.87
2014-06-06,0.0,7794.0,5386.87
2014-06-07,0.0,7564.0,5386.87
2014-06-08,0.0,7551.0,5386.87
2014-06-09,0.0,7917.0,5386.87
2014-06-10,0.0,8276.0,5386.87
2014-06-11,0.0,8607.0,5386.87
2014-06-12,0.0,8594.0,5386.87
2014-06-13,0.0,8255.0,5386.87
2014-06-14,0.0,7667.0,5386.87
2014-06-15,0.0,7405.0,5386.87
2014-06-16,0.0,7554.0,5386.87
2014-06-17,0.0,7480.0,5386.87
2014-06-18,0.0,6982.0,5386.87
2014-06-19,0.0,7023.0,5386.87
2014-06-20,0.0,6911.0,5386.87
2014-06-21,0.0,7178.0,5386.87
2014-06-22,0.0,7227.0,5386.87
2014-06-23,0.0,7683.0,5386.87
2014-06-24,0.0,7266.0,5386.87
2014-06-25,0.0,6636.0,5386.87
2014-06-26,0.0,6482.0,5386.87
2014-06-27,0.0,6677.0,5386.87
2014-06-28,0.0,6787.0,5386.87
2014-06-29,0.0,6868.0,5386.87
2014-06-30,0.0,7004.0,5386.87
2014-07-01,0.0,7827.0,5213.13
2014-07-02,0.0,8773.0,5213.13
2014-07-03,0.0,7771.0,5213.13
2014-07-04,0.0,7891.0,5213.13
2014-07-05,0.0,7342.0,5213.13
2014-07-06,0.0,7504.0,5213.13
2014-07-07,0.0,7446.0,5213.13
2014-07-08,0.0,7487.0,5213.13
2014-07-09,0.0,7581.0,5213.13
2014-07-10,0.0,7271.0,5213.13
2014-07-11,0.0,7332.0,5213.13
2014-07-12,0.0,7481.0,5213.13
2014-07-13,0.0,7494.0,5213.13
2014-07-14,0.0,7466.0,5213.13
2014-07-15,0.0,7563.0,5213.13
2014-07-16,0.0,7309.0,5213.13
2014-07-17,0.0,7238.0,5213.13
2014-07-18,0.0,7200.0,5213.13
2014-07-19,0.0,7136.0,5213.13
2014-07-20,0.0,6865.0,5213.13
2014-07-21,0.0,7061.0,5213.13
2014-07-22,0.0,7000.0,5213.13
2014-07-23,0.0,6921.0,5213.13
2014-07-24,0.0,6767.0,5213.13
2014-07-25,0.0,6579.0,5213.13
2014-07-26,0.0,6546.0,5213.13
2014-07-27,0.0,6378.0,5213.13
2014-07-28,0.0,6446.0,5213.13
2014-07-29,0.0,6385.0,5213.13
2014-07-30,0.0,6393.0,5213.13
2014-07-31,0.0,7097.0,5213.13
2014-08-01,0.0,8090.0,5213.13
2014-08-02,0.0,9376.0,5213.13
2014-08-03,0.0,8411.0,5213.13
2014-08-04,0.0,8048.0,5213.13
2014-08-05,0.0,7885.0,5213.13
2014-08-06,0.0,7621.0,5213.13
2014-08-07,0.0,7808.0,5213.13
2014-08-08,0.0,7487.0,5213.13
2014-08-09,0.0,7429.0,5213.13
2014-08-10,0.0,7429.0,5213.13
2014-08-11,0.0,7461.0,5213.13
2014-08-12,0.0,7340.0,5213.13
2014-08-13,0.0,7380.0,5213.13
2014-08-14,0.0,7350.0,5213.13
2014-08-15,0.0,7292.0,5213.13
2014-08-16,0.0,7218.0,5213.13
2014-08-17,0.0,7115.0,5213.13
2014-08-18,0.0,7215.0,5213.13
2014-08-19,0.0,7229.0,5213.13
2014-08-20,0.0,7093.0,5213.13
2014-08-21,0.0,7061.0,5213.13
2014-08-22,0.0,7030.0,5213.13
2014-08-23,0.0,6958.0,5213.13
2014-08-24,0.0,7182.0,5213.13
2014-08-25,0.0,7486.0,5213.13
2014-08-26,0.0,7292.0,5213.13
2014-08-27,0.0,7123.0,5213.13
2014-08-28,0.0,6931.0,5213.13
2014-08-29,0.0,6921.0,5213.13
2014-08-30,0.0,6858.0,5213.13
2014-08-31,0.0,7090.0,5213.13
2014-09-01,0.0,7850.0,5386.87
2014-09-02,0.0,8796.0,5386.87
2014-09-03,0.0,7099.0,5386.87
2014-09-04,0.0,6785.0,5386.87
2014-09-05,0.0,6658.0,5386.87
2014-09-06,0.0,6537.0,5386.87
2014-09-07,0.0,6892.0,5386.87
2014-09-08,0.0,7343.0,5386.87
2014-09-09,0.0,6771.0,5386.87
2014-09-10,0.0,6027.0,5386.87
2014-09-11,0.0,5947.0,5386.87
2014-09-12,0.0,5799.0,5386.87
2014-09-13,0.0,5884.0,5386.87
2014-09-14,0.0,6258.0,5386.87
2014-09-15,0.0,6667.0,5386.87
2014-09-16,0.0,6169.0,5386.87
2014-09-17,0.0,5817.0,5386.87
2014-09-18,0.0,6003.0,5386.87
2014-09-19,0.0,6862.0,5386.87
2014-09-20,0.0,7618.0,5386.87
2014-09-21,0.0,7040.0,5386.87
2014-09-22,0.0,6297.0,5386.87
2014-09-23,0.0,5965.0,5386.87
2014-09-24,0.0,5621.0,5386.87
2014-09-25,0.0,5413.0,5386.87
2014-09-26,0.0,5454.0,5386.87
2014-09-27,0.0,5304.0,5386.87
2014-09-28,0.0,5432.0,5386.87
2014-09-29,0.0,5608.0,5386.87
2014-09-30,0.0,6110.0,5386.87
2014-10-01,0.0,7273.0,5213.13
2014-10-02,0.0,9101.0,5213.13
2014-10-03,0.0,8161.0,5213.13
2014-10-04,0.0,7784.0,5213.13
2014-10-05,0.0,7578.0,5213.13
2014-10-06,0.0,7331.0,5213.13
2014-10-07,0.0,7279.0,5213.13
2014-10-08,0.0,6843.0,5213.13
2014-10-09,0.0,6590.0,5213.13
2014-10-10,0.0,6331.0,5213.13
2014-10-11,0.0,6271.0,5213.13
2014-10-12,0.0,6512.0,5213.13
2014-10-13,0.0,6993.0,5213.13
2014-10-14,0.0,6906.0,5213.13
2014-10-15,0.0,6238.0,5213.13
2014-10-16,0.0,5962.0,5213.13
2014-10-17,0.0,5826.0,5213.13
2014-10-18,0.0,6152.0,5213.13
2014-10-19,0.0,6438.0,5213.13
2014-10-20,0.0,6882.0,5213.13
2014-10-21,0.0,6236.0,5213.13
2014-10-22,0.0,5800.0,5213.13
2014-10-23,0.0,5648.0,5213.13
2014-10-24,0.0,5655.0,5213.13
2014-10-25,0.0,5576.0,5213.13
2014-10-26,0.0,5974.0,5213.13
2014-10-27,0.0,6419.0,5213.13
2014-10-28,0.0,5765.0,5213.13
2014-10-29,0.0,5500.0,5213.13
2014-10-30,0.0,5496.0,5213.13
2014-10-31,0.0,5539.0,5213.13
2014-11-01,0.0,6531.0,5386.87
2014-11-02,0.0,7946.0,5386.87
2014-11-03,0.0,7899.0,5386.87
2014-11-04,0.0,6841.0,5386.87
2014-11-05,0.0,6123.0,5386.87
2014-11-06,0.0,5956.0,5386.87
2014-11-07,0.0,5766.0,5386.87
2014-11-08,0.0,5973.0,5386.87
2014-11-09,0.0,6815.0,5386.87
2014-11-10,0.0,7120.0,5386.87
2014-11-11,0.0,6308.0,5386.87
2014-11-12,0.0,5912.0,5386.87
2014-11-13,0.0,5658.0,5386.87
2014-11-14,0.0,5657.0,5386.87
2014-11-15,0.0,5761.0,5386.87
2014-11-16,0.0,6217.0,5386.87
2014-11-17,0.0,6613.0,5386.87
2014-11-18,0.0,5910.0,5386.87
2014-11-19,0.0,5390.0,5386.87
2014-11-20,0.0,5304.0,5386.87
2014-11-21,0.0,5257.0,5386.87
2014-11-22,0.0,5408.0,5386.87
2014-11-23,0.0,6096.0,5386.87
2014-11-24,0.0,6502.0,5386.87
2014-11-25,0.0,5693.0,5386.87
2014-11-26,0.0,5226.0,5386.87
2014-11-27,0.0,5157.0,5386.87
2014-11-28,0.0,4971.0,5386.87
2014-11-29,0.0,5283.0,5386.87
2014-11-30,0.0,5659.0,5386.87
2014-12-01,0.0,6620.0,5213.13
2014-12-02,0.0,6698.0,5213.13
2014-12-03,0.0,5849.0,5213.13
2014-12-04,0.0,5581.0,5213.13
2014-12-05,0.0,5550.0,5213.13
2014-12-06,0.0,5599.0,5213.13
2014-12-07,0.0,6364.0,5213.13
2014-12-08,0.0,6654.0,5213.13
2014-12-09,0.0,6021.0,5213.13
2014-12-10,0.0,5701.0,5213.13
2014-12-11,0.0,5403.0,5213.13
2014-12-12,0.0,5382.0,5213.13
2014-12-13,0.0,5755.0,5213.13
2014-12-14,0.0,6064.0,5213.13
2014-12-15,0.0,6564.0,5213.13
2014-12-16,0.0,6022.0,5213.13
2014-12-17,0.0,5460.0,5213.13
2014-12-18,0.0,5254.0,5213.13
2014-12-19,0.0,5075.0,5213.13
2014-12-20,0.0,5228.0,5213.13
2014-12-21,0.0,5703.0,5213.13
2014-12-22,0.0,5900.0,5213.13
2014-12-23,0.0,5375.0,5213.13
2014-12-24,0.0,5060.0,5213.13
2014-12-25,0.0,5021.0,5213.13
2014-12-26,0.0,5121.0,5213.13
2014-12-27,0.0,5182.0,5213.13
2014-12-28,0.0,5461.0,5213.13
2014-12-29,0.0,5583.0,5213.13
2014-12-30,0.0,5224.0,5213.13
2014-12-31,0.0,5279.0,5213.13
