date,new,old,est
2014-01-01,27448.0,0.0,23503.5
2014-01-02,30324.0,0.0,23503.5
2014-01-03,28395.0,0.0,23503.5
2014-01-04,28392.0,0.0,23503.5
2014-01-05,28437.0,0.0,23503.5
2014-01-06,27352.0,0.0,23503.5
2014-01-07,25985.0,0.0,23503.5
2014-01-08,25672.0,0.0,23503.5
2014-01-09,25297.0,0.0,23503.5
2014-01-10,25212.0,0.0,23503.5
2014-01-11,26425.0,0.0,23503.5
2014-01-12,28001.0,0.0,23503.5
2014-01-13,26666.0,0.0,23503.5
2014-01-14,25313.0,0.0,23503.5
2014-01-15,24803.0,0.0,23503.5
2014-01-16,24997.0,0.0,23503.5
2014-01-17,26483.0,0.0,23503.5
2014-01-18,27217.0,0.0,23503.5
2014-01-19,27557.0,0.0,23503.5
2014-01-20,27243.0,0.0,23503.5
2014-01-21,26441.0,0.0,23503.5
2014-01-22,26431.0,0.0,23503.5
2014-01-23,27564.0,0.0,23503.5
2014-01-24,27815.0,0.0,23503.5
2014-01-25,28030.0,0.0,23503.5
2014-01-26,28076.0,0.0,23503.5
2014-01-27,27561.0,0.0,23503.5
2014-01-28,27535.0,0.0,23503.5
2014-01-29,27631.0,0.0,23503.5
2014-01-30,27286.0,0.0,23503.5
2014-01-31,26829.0,0.0,23503.5
2014-02-01,26223.0,0.0,26008.2
2014-02-02,27571.0,18960.0,26008.2
2014-02-03,26735.0,18612.0,26008.2
2014-02-04,26758.0,18999.0,26008.2
2014-02-05,27058.0,18739.0,26008.2
2014-02-06,27840.0,19458.0,26008.2
2014-02-07,28042.0,20853.0,26008.2
2014-02-08,28235.0,21849.0,26008.2
2014-02-09,28355.0,20609.0,26008.2
2014-02-10,27800.0,16675.0,26008.2
2014-02-11,27376.0,13873.0,26008.2
2014-02-12,26979.0,13628.0,26008.2
2014-02-13,27161.0,14419.0,26008.2
2014-02-14,27199.0,15822.0,26008.2
2014-02-15,27414.0,16440.0,26008.2
2014-02-16,26921.0,17061.0,26008.2
2014-02-17,25617.0,19070.0,26008.2
2014-02-18,24714.0,19131.0,26008.2
2014-02-19,23991.0,18314.0,26008.2
2014-02-20,23399.0,18447.0,26008.2
2014-02-21,23724.0,18919.0,26008.2
2014-02-22,25440.0,19234.0,26008.2
2014-02-23,27739.0,20310.0,26008.2
2014-02-24,26058.0,21080.0,26008.2
2014-02-25,23966.0,21749.0,26008.2
2014-02-26,23969.0,21427.0,26008.2
2014-02-27,23523.0,20244.0,26008.2
2014-02-28,24415.0,20032.0,26008.2
2014-03-01,27588.0,21914.0,23490.6
2014-03-02,30636.0,24989.0,23490.6
2014-03-03,27269.0,25360.0,23490.6
2014-03-04,24758.0,24536.0,23490.6
2014-03-05,23829.0,21411.0,23490.6
2014-03-06,23510.0,20803.0,23490.6
2014-03-07,24519.0,20654.0,23490.6
2014-03-08,26388.0,21340.0,23490.6
2014-03-09,27652.0,23579.0,23490.6
2014-03-10,25229.0,25713.0,23490.6
2014-03-11,23335.0,24558.0,23490.6
2014-03-12,23565.0,22187.0,23490.6
2014-03-13,23383.0,21883.0,23490.6
2014-03-14,23606.0,21336.0,23490.6
2014-03-15,24808.0,21584.0,23490.6
2014-03-16,26761.0,23923.0,23490.6
2014-03-17,24703.0,25811.0,23490.6
2014-03-18,22845.0,26409.0,23490.6
2014-03-19,22564.0,24153.0,23490.6
2014-03-20,22194.0,23906.0,23490.6
2014-03-21,22839.0,23613.0,23490.6
2014-03-22,23891.0,24369.0,23490.6
2014-03-23,25555.0,25462.0,23490.6
2014-03-24,23517.0,27591.0,23490.6
2014-03-25,21819.0,26571.0,23490.6
2014-03-26,21431.0,24851.0,23490.6
2014-03-27,21403.0,23281.0,23490.6
2014-03-28,21913.0,23491.0,23490.6
2014-03-29,0.0,23424.0,23490.6
2014-03-30,0.0,25065.0,23490.6
2014-03-31,0.0,25300.0,23490.6
2014-04-01,0.0,27168.0,24274.1
2014-04-02,0.0,28929.0,24274.1
2014-04-03,0.0,27015.0,24274.1
2014-04-04,0.0,28326.0,24274.1
2014-04-05,0.0,30130.0,24274.1
2014-04-06,0.0,28473.0,24274.1
2014-04-07,0.0,26699.0,24274.1
2014-04-08,0.0,25053.0,24274.1
2014-04-09,0.0,24551.0,24274.1
2014-04-10,0.0,24380.0,24274.1
2014-04-11,0.0,25033.0,24274.1
2014-04-12,0.0,24981.0,24274.1
2014-04-13,0.0,26219.0,24274.1
2014-04-14,0.0,27470.0,24274.1
2014-04-15,0.0,26312.0,24274.1
2014-04-16,0.0,25341.0,24274.1
2014-04-17,0.0,25481.0,24274.1
2014-04-18,0.0,25361.0,24274.1
2014-04-19,0.0,26197.0,24274.1
2014-04-20,0.0,27736.0,24274.1
2014-04-21,0.0,29278.0,24274.1
2014-04-22,0.0,27938.0,24274.1
2014-04-23,0.0,25754.0,24274.1
2014-04-24,0.0,25463.0,24274.1
2014-04-25,0.0,24920.0,24274.1
2014-04-26,0.0,24759.0,24274.1
2014-04-27,0.0,24724.0,24274.1
2014-04-28,0.0,25891.0,24274.1
2014-04-29,0.0,28665.0,24274.1
2014-04-30,0.0,29997.0,24274.1
2014-05-01,0.0,33037.0,23490.6
2014-05-02,0.0,36739.0,23490.6
2014-05-03,0.0,31174.0,23490.6
2014-05-04,0.0,28904.0,23490.6
2014-05-05,0.0,29164.0,23490.6
2014-05-06,0.0,28347.0,23490.6
2014-05-07,0.0,26756.0,23490.6
2014-05-08,0.0,26552.0,23490.6
2014-05-09,0.0,26317.0,23490.6
2014-05-10,0.0,26820.0,23490.6
2014-05-11,0.0,27518.0,23490.6
2014-05-12,0.0,29008.0,23490.6
2014-05-13,0.0,28090.0,23490.6
2014-05-14,0.0,26088.0,23490.6
2014-05-15,0.0,25287.0,23490.6
2014-05-16,0.0,26242.0,23490.6
2014-05-17,0.0,26799.0,23490.6
2014-05-18,0.0,27974.0,23490.6
2014-05-19,0.0,29491.0,23490.6
2014-05-20,0.0,27650.0,23490.6
2014-05-21,0.0,25812.0,23490.6
2014-05-22,0.0,25208.0,23490.6
2014-05-23,0.0,24427.0,23490.6
2014-05-24,0.0,25124.0,23490.6
2014-05-25,0.0,26089.0,23490.6
2014-05-26,0.0,27830.0,23490.6
2014-05-27,0.0,26439.0,23490.6
2014-05-28,0.0,24346.0,23490.6
2014-05-29,0.0,23762.0,23490.6
2014-05-30,0.0,24846.0,23490.6
2014-05-31,0.0,24546.0,23490.6
2014-06-01,0.0,27098.0,24274.1
2014-06-02,0.0,31679.0,24274.1
2014-06-03,0.0,29323.0,24274.1
2014-06-04,0.0,26496.0,24274.1
2014-06-05,0.0,26924.0,24274.1
2014-06-06,0.0,27946.0,24274.1
2014-06-07,0.0,28737.0,24274.1
2014-06-08,0.0,27943.0,24274.1
2014-06-09,0.0,27952.0,24274.1
2014-06-10,0.0,28316.0,24274.1
2014-06-11,0.0,29606.0,24274.1
2014-06-12,0.0,29950.0,24274.1
2014-06-13,0.0,29425.0,24274.1
2014-06-14,0.0,27173.0,24274.1
2014-06-15,0.0,26929.0,24274.1
2014-06-16,0.0,28030.0,24274.1
2014-06-17,0.0,27485.0,24274.1
2014-06-18,0.0,25969.0,24274.1
2014-06-19,0.0,26211.0,24274.1
2014-06-20,0.0,26176.0,24274.1
2014-06-21,0.0,27369.0,24274.1
2014-06-22,0.0,27764.0,24274.1
2014-06-23,0.0,29160.0,24274.1
2014-06-24,0.0,28297.0,24274.1
2014-06-25,0.0,26914.0,24274.1
2014-06-26,0.0,25847.0,24274.1
2014-06-27,0.0,25984.0,24274.1
2014-06-28,0.0,26407.0,24274.1
2014-06-29,0.0,26231.0,24274.1
2014-06-30,0.0,26942.0,24274.1
2014-07-01,0.0,28634.0,23908.2
2014-07-02,0.0,31168.0,23908.2
2014-07-03,0.0,28837.0,23908.2
2014-07-04,0.0,28510.0,23908.2
2014-07-05,0.0,28963.0,23908.2
2014-07-06,0.0,29062.0,23908.2
2014-07-07,0.0,29956.0,23908.2
2014-07-08,0.0,29814.0,23908.2
2014-07-09,0.0,29191.0,23908.2
2014-07-10,0.0,29081.0,23908.2
2014-07-11,0.0,28546.0,23908.2
2014-07-12,0.0,29211.0,23908.2
2014-07-13,0.0,30242.0,23908.2
2014-07-14,0.0,29942.0,23908.2
2014-07-15,0.0,30368.0,23908.2
2014-07-16,0.0,29667.0,23908.2
2014-07-17,0.0,30375.0,23908.2
2014-07-18,0.0,28667.0,23908.2
2014-07-19,0.0,28805.0,23908.2
2014-07-20,0.0,28500.0,23908.2
2014-07-21,0.0,28986.0,23908.2
2014-07-22,0.0,28989.0,23908.2
2014-07-23,0.0,28342.0,23908.2
2014-07-24,0.0,27683.0,23908.2
2014-07-25,0.0,27559.0,23908.2
2014-07-26,0.0,27507.0,23908.2
2014-07-27,0.0,27123.0,23908.2
2014-07-28,0.0,26922.0,23908.2
2014-07-29,0.0,27448.0,23908.2
2014-07-30,0.0,26789.0,23908.2
2014-07-31,0.0,26824.0,23908.2
2014-08-01,0.0,29045.0,24667.0
2014-08-02,0.0,33209.0,24667.0
2014-08-03,0.0,32547.0,24667.0
2014-08-04,0.0,31141.0,24667.0
2014-08-05,0.0,30857.0,24667.0
2014-08-06,0.0,30242.0,24667.0
2014-08-07,0.0,31209.0,24667.0
2014-08-08,0.0,31955.0,24667.0
2014-08-09,0.0,31599.0,24667.0
2014-08-10,0.0,31317.0,24667.0
2014-08-11,0.0,31693.0,24667.0
2014-08-12,0.0,31188.0,24667.0
2014-08-13,0.0,31135.0,24667.0
2014-08-14,0.0,31637.0,24667.0
2014-08-15,0.0,31657.0,24667.0
2014-08-16,0.0,31276.0,24667.0
2014-08-17,0.0,31309.0,24667.0
2014-08-18,0.0,31449.0,24667.0
2014-08-19,0.0,31475.0,24667.0
2014-08-20,0.0,30610.0,24667.0
2014-08-21,0.0,31158.0,24667.0
2014-08-22,0.0,30682.0,24667.0
2014-08-23,0.0,30247.0,24667.0
2014-08-24,0.0,30653.0,24667.0
2014-08-25,0.0,30354.0,24667.0
2014-08-26,0.0,30018.0,24667.0
2014-08-27,0.0,29546.0,24667.0
2014-08-28,0.0,29367.0,24667.0
2014-08-29,0.0,28918.0,24667.0
2014-08-30,0.0,29205.0,24667.0
2014-08-31,0.0,29127.0,24667.0
2014-09-01,0.0,30834.0,27450.6
2014-09-02,0.0,33026.0,27450.6
2014-09-03,0.0,29370.0,27450.6
2014-09-04,0.0,28373.0,27450.6
2014-09-05,0.0,28231.0,27450.6
2014-09-06,0.0,28881.0,27450.6
2014-09-07,0.0,29591.0,27450.6
2014-09-08,0.0,32010.0,27450.6
2014-09-09,0.0,30388.0,27450.6
2014-09-10,0.0,27430.0,27450.6
2014-09-11,0.0,27077.0,27450.6
2014-09-12,0.0,27303.0,27450.6
2014-09-13,0.0,27518.0,27450.6
2014-09-14,0.0,28716.0,27450.6
2014-09-15,0.0,30556.0,27450.6
2014-09-16,0.0,28752.0,27450.6
2014-09-17,0.0,26612.0,27450.6
2014-09-18,0.0,27525.0,27450.6
2014-09-19,0.0,29861.0,27450.6
2014-09-20,0.0,32804.0,27450.6
2014-09-21,0.0,31492.0,27450.6
2014-09-22,0.0,29144.0,27450.6
2014-09-23,0.0,27064.0,27450.6
2014-09-24,0.0,25989.0,27450.6
2014-09-25,0.0,25705.0,27450.6
2014-09-26,0.0,24997.0,27450.6
2014-09-27,0.0,25371.0,27450.6
2014-09-28,0.0,26081.0,27450.6
2014-09-29,0.0,26074.0,27450.6
2014-09-30,0.0,26753.0,27450.6
2014-10-01,0.0,30872.0,28462.3
2014-10-02,0.0,36244.0,28462.3
2014-10-03,0.0,33230.0,28462.3
2014-10-04,0.0,31909.0,28462.3
2014-10-05,0.0,31082.0,28462.3
2014-10-06,0.0,30898.0,28462.3
2014-10-07,0.0,30509.0,28462.3
2014-10-08,0.0,29174.0,28462.3
2014-10-09,0.0,27721.0,28462.3
2014-10-10,0.0,26946.0,28462.3
2014-10-11,0.0,26937.0,28462.3
2014-10-12,0.0,27347.0,28462.3
2014-10-13,0.0,29044.0,28462.3
2014-10-14,0.0,29006.0,28462.3
2014-10-15,0.0,26369.0,28462.3
2014-10-16,0.0,25834.0,28462.3
2014-10-17,0.0,25214.0,28462.3
2014-10-18,0.0,25428.0,28462.3
2014-10-19,0.0,26795.0,28462.3
2014-10-20,0.0,28272.0,28462.3
2014-10-21,0.0,26497.0,28462.3
2014-10-22,0.0,24599.0,28462.3
2014-10-23,0.0,24361.0,28462.3
2014-10-24,0.0,24291.0,28462.3
2014-10-25,0.0,24427.0,28462.3
2014-10-26,0.0,25421.0,28462.3
2014-10-27,0.0,26735.0,28462.3
2014-10-28,0.0,25421.0,28462.3
2014-10-29,0.0,23802.0,28462.3
2014-10-30,0.0,23729.0,28462.3
2014-10-31,0.0,24227.0,28462.3
2014-11-01,0.0,26938.0,25489.4
2014-11-02,0.0,31079.0,25489.4
2014-11-03,0.0,32392.0,25489.4
2014-11-04,0.0,29571.0,25489.4
2014-11-05,0.0,27012.0,25489.4
2014-11-06,0.0,26284.0,25489.4
2014-11-07,0.0,26417.0,25489.4
2014-11-08,0.0,26908.0,25489.4
2014-11-09,0.0,28599.0,25489.4
2014-11-10,0.0,30583.0,25489.4
2014-11-11,0.0,28878.0,25489.4
2014-11-12,0.0,26343.0,25489.4
2014-11-13,0.0,26424.0,25489.4
2014-11-14,0.0,25610.0,25489.4
2014-11-15,0.0,25454.0,25489.4
2014-11-16,0.0,27021.0,25489.4
2014-11-17,0.0,28652.0,25489.4
2014-11-18,0.0,26374.0,25489.4
2014-11-19,0.0,24653.0,25489.4
2014-11-20,0.0,24256.0,25489.4
2014-11-21,0.0,24101.0,25489.4
2014-11-22,0.0,24913.0,25489.4
2014-11-23,0.0,26551.0,25489.4
2014-11-24,0.0,28567.0,25489.4
2014-11-25,0.0,26359.0,25489.4
2014-11-26,0.0,23781.0,25489.4
2014-11-27,0.0,23450.0,25489.4
2014-11-28,0.0,23031.0,25489.4
2014-11-29,0.0,23451.0,25489.4
2014-11-30,0.0,24300.0,25489.4
2014-12-01,0.0,27643.0,23908.2
2014-12-02,0.0,27942.0,23908.2
2014-12-03,0.0,25453.0,23908.2
2014-12-04,0.0,25096.0,23908.2
2014-12-05,0.0,25062.0,23908.2
2014-12-06,0.0,25927.0,23908.2
2014-12-07,0.0,27670.0,23908.2
2014-12-08,0.0,28966.0,23908.2
2014-12-09,0.0,27399.0,23908.2
2014-12-10,0.0,25413.0,23908.2
2014-12-11,0.0,24732.0,23908.2
2014-12-12,0.0,24776.0,23908.2
2014-12-13,0.0,25785.0,23908.2
2014-12-14,0.0,27305.0,23908.2
2014-12-15,0.0,29019.0,23908.2
2014-12-16,0.0,27597.0,23908.2
2014-12-17,0.0,25831.0,23908.2
2014-12-18,0.0,24651.0,23908.2
2014-12-19,0.0,23803.0,23908.2
2014-12-20,0.0,24183.0,23908.2
2014-12-21,0.0,25601.0,23908.2
2014-12-22,0.0,26618.0,23908.2
2014-12-23,0.0,24981.0,23908.2
2014-12-24,0.0,23647.0,23908.2
2014-12-25,0.0,23610.0,23908.2
2014-12-26,0.0,23777.0,23908.2
2014-12-27,0.0,23798.0,23908.2
2014-12-28,0.0,24616.0,23908.2
2014-12-29,0.0,25468.0,23908.2
2014-12-30,0.0,24190.0,23908.2
2014-12-31,0.0,24499.0,23908.2
