"2014-01-01",12827,0,11697,9337.83331840878,-0.272017360379763,4359,"2014-04-15"
"2014-01-02",14221,0,11697,9337.6168288232,-0.343392389506842,4359,"2014-04-15"
"2014-01-03",14560,0,11697,9337.15551632337,-0.358711846406362,4359,"2014-04-15"
"2014-01-04",14020,0,11697,9340.27555388046,-0.333789190165445,4359,"2014-04-15"
"2014-01-05",13706,0,11697,9340.35248187484,-0.318520904576475,4359,"2014-04-15"
"2014-01-06",13266,0,11697,9338.12058664972,-0.296086191267171,4359,"2014-04-15"
"2014-01-07",13681,0,11697,9339.21110071588,-0.317359030720278,4359,"2014-04-15"
"2014-01-08",13084,0,11697,9341.67103136304,-0.28602330851704,4359,"2014-04-15"
"2014-01-09",12965,0,11697,9342.76585271928,-0.279385587912126,4359,"2014-04-15"
"2014-01-10",13268,0,11697,9339.29880691806,-0.296103496614557,4359,"2014-04-15"
"2014-01-11",13278,0,11697,9335.99398645686,-0.296882513446539,4359,"2014-04-15"
"2014-01-12",13802,0,11697,9341.09551883416,-0.323207106300959,4359,"2014-04-15"
"2014-01-13",13380,0,11697,9342.47583336077,-0.301758158941646,4359,"2014-04-15"
"2014-01-14",12626,0,11697,9335.40917597359,-0.260620214163346,4359,"2014-04-15"
"2014-01-15",11830,0,11697,9337.59504005892,-0.210685119183523,4359,"2014-04-15"
"2014-01-16",12191,0,11697,9340.74244252287,-0.233800144161852,4359,"2014-04-15"
"2014-01-17",13101,0,11697,9341.864500466,-0.286935004925883,4359,"2014-04-15"
"2014-01-18",12964,0,11697,9341.98976164331,-0.27938986719814,4359,"2014-04-15"
"2014-01-19",13659,0,11697,9338.99605795156,-0.316275272131814,4359,"2014-04-15"
"2014-01-20",13295,0,11697,9336.66739263685,-0.297730921952851,4359,"2014-04-15"
"2014-01-21",13246,0,11697,9338.4272543492,-0.295000207281504,4359,"2014-04-15"
"2014-01-22",12952,0,11697,9333.92157252526,-0.279345153449254,4359,"2014-04-15"
"2014-01-23",12829,0,11697,9336.24831257501,-0.272254399206874,4359,"2014-04-15"
"2014-01-24",13077,0,11697,9337.29077239634,-0.285976082251561,4359,"2014-04-15"
"2014-01-25",13464,0,11697,9342.1546211431,-0.306138248578201,4359,"2014-04-15"
"2014-01-26",13609,0,11697,9334.20067417549,-0.314115609216292,4359,"2014-04-15"
"2014-01-27",13637,0,11697,9343.6639988294,-0.314829948021603,4359,"2014-04-15"
"2014-01-28",13941,0,11697,9338.57656310891,-0.330135817867519,4359,"2014-04-15"
"2014-01-29",13913,0,11697,9338.43067495499,-0.328798197731978,4359,"2014-04-15"
"2014-01-30",14477,0,11697,9339.55936624083,-0.354869146491619,4359,"2014-04-15"
"2014-01-31",13598,0,11697,9343.53261432258,-0.312874495196163,4359,"2014-04-15"
"2014-02-01",12695,0,12782.5,10209.6563106811,-0.19577342964308,4359,"2014-04-15"
"2014-02-02",12172,0,12782.5,10202.5752432191,-0.161799602101618,4359,"2014-04-15"
"2014-02-03",12097,0,12782.5,10205.8474755183,-0.156332357153153,4359,"2014-04-15"
"2014-02-04",11935,0,12782.5,10208.6429143453,-0.144646592849156,4359,"2014-04-15"
"2014-02-05",12052,0,12782.5,10208.6931544601,-0.152946137200454,4359,"2014-04-15"
"2014-02-06",12441,0,12782.5,10204.3446700753,-0.179780992679423,4359,"2014-04-15"
"2014-02-07",13125,0,12782.5,10205.5663706421,-0.222433038427267,4359,"2014-04-15"
"2014-02-08",13011,0,12782.5,10205.7626392588,-0.215605054241885,4359,"2014-04-15"
"2014-02-09",13580,0,12782.5,10203.3420860733,-0.248649330922436,4359,"2014-04-15"
"2014-02-10",13830,0,12782.5,10208.3236979845,-0.261871026899167,4359,"2014-04-15"
"2014-02-11",13409,0,12782.5,10201.4124388679,-0.239211541586403,4359,"2014-04-15"
"2014-02-12",13460,0,12782.5,10206.1331027083,-0.241743454479321,4359,"2014-04-15"
"2014-02-13",13089,0,12782.5,10208.0363694614,-0.220105709415432,4359,"2014-04-15"
"2014-02-14",12891,0,12782.5,10201.5583675204,-0.208629402876394,4359,"2014-04-15"
"2014-02-15",12601,0,12782.5,10206.8252935087,-0.189998786325794,4359,"2014-04-15"
"2014-02-16",13259,0,12782.5,10200.1304816071,-0.230701374039737,4359,"2014-04-15"
"2014-02-17",13976,0,12782.5,10206.7415738211,-0.26969507914846,4359,"2014-04-15"
"2014-02-18",13139,0,12782.5,10207.2574603989,-0.223132851784846,4359,"2014-04-15"
"2014-02-19",13103,0,12782.5,10202.1537851904,-0.221387942822988,4359,"2014-04-15"
"2014-02-20",12646,0,12782.5,10202.8099756491,-0.193198641811714,4359,"2014-04-15"
"2014-02-21",12223,0,12782.5,10200.9168649803,-0.165432638061006,4359,"2014-04-15"
"2014-02-22",12185,0,12782.5,10201.235954162,-0.162803778895196,4359,"2014-04-15"
"2014-02-23",12716,0,12782.5,10204.8007864331,-0.197483423526807,4359,"2014-04-15"
"2014-02-24",12882,0,12782.5,10208.7634449139,-0.207517198811221,4359,"2014-04-15"
"2014-02-25",12722,0,12782.5,10204.4519622287,-0.197889328546714,4359,"2014-04-15"
"2014-02-26",12492,0,12782.5,10207.0450037311,-0.182913464318675,4359,"2014-04-15"
"2014-02-27",12339,0,12782.5,10200.5532871991,-0.173307943334219,4359,"2014-04-15"
"2014-02-28",11839,0,12782.5,10207.2984086618,-0.137824274967328,4359,"2014-04-15"
"2014-03-01",12353,0,11545.5,9219.99386327422,-0.253623098577332,4359,"2014-04-15"
"2014-03-02",12786,0,11545.5,9220.3809950276,-0.278868997729736,4359,"2014-04-15"
"2014-03-03",12006,0,11545.5,9218.40326421742,-0.2321836361638,4359,"2014-04-15"
"2014-03-04",11909,0,11545.5,9219.41604790824,-0.225844651279852,4359,"2014-04-15"
"2014-03-05",11219,0,11545.5,9220.95631981815,-0.17809463233638,4359,"2014-04-15"
"2014-03-06",10984,0,11545.5,9222.77818295487,-0.16034430235298,4359,"2014-04-15"
"2014-03-07",11015,0,11545.5,9219.12622491444,-0.16303892647168,4359,"2014-04-15"
"2014-03-08",11367,0,11545.5,9215.6059586195,-0.189266652712281,4359,"2014-04-15"
"2014-03-09",11655,0,11545.5,9221.55620744067,-0.208789686191277,4359,"2014-04-15"
"2014-03-10",11054,0,11545.5,9221.30928778869,-0.165794347042818,4359,"2014-04-15"
"2014-03-11",11016,0,11545.5,9222.64785727101,-0.162795219928194,4359,"2014-04-15"
"2014-03-12",10939,0,11545.5,9216.96143942966,-0.157421936243746,4359,"2014-04-15"
"2014-03-13",10436,0,11545.5,9217.23179714137,-0.116784994524591,4359,"2014-04-15"
"2014-03-14",10190,0,11545.5,9218.64911240141,-0.0953239340136007,4359,"2014-04-15"
"2014-03-15",10200,0,11545.5,9216.13977202528,-0.0964568850955607,4359,"2014-04-15"
"2014-03-16",10430,0,11545.5,9215.86028239072,-0.11640841012553,4359,"2014-04-15"
"2014-03-17",10142,0,11545.5,9214.09313954494,-0.0914915066510611,4359,"2014-04-15"
"2014-03-18",10009,0,11545.5,9218.96719564998,-0.0789322414177266,4359,"2014-04-15"
"2014-03-19",9804,0,11545.5,9219.01245305628,-0.0596682524422395,4359,"2014-04-15"
"2014-03-20",9662,0,11545.5,9215.62911141512,-0.0461986015923082,4359,"2014-04-15"
"2014-03-21",9239,0,11545.5,9222.69279925234,-0.00176503958736485,4359,"2014-04-15"
"2014-03-22",9802,0,11545.5,9215.29566971433,-0.0598555733815208,4359,"2014-04-15"
"2014-03-23",9885,0,11545.5,9217.78743399388,-0.0674974775929307,4359,"2014-04-15"
"2014-03-24",9683,0,11545.5,9222.30883331585,-0.0475773176375249,4359,"2014-04-15"
"2014-03-25",9286,0,11545.5,9218.78859270911,-0.00723792884890084,4359,"2014-04-15"
"2014-03-26",8739,0,11545.5,9217.68313762813,0.0547755049351331,4359,"2014-04-15"
"2014-03-27",8852,0,11545.5,9219.45209897437,0.0415106302501549,4359,"2014-04-15"
"2014-03-28",8998,0,11545.5,9222.81795706448,0.0249853253016761,4359,"2014-04-15"
"2014-03-29",0,0,11545.5,9221.50145677232,1,4359,"2014-04-15"
"2014-03-30",0,0,11545.5,9213.76103262265,1,4359,"2014-04-15"
"2014-03-31",0,0,11545.5,9217.90865261189,1,4359,"2014-04-15"
"2014-04-01",0,0,11930.3,9527.33240593155,1,4359,"2014-04-15"
"2014-04-02",0,0,11930.3,9525.51954525221,1,4359,"2014-04-15"
"2014-04-03",0,0,11930.3,9524.25995894871,1,4359,"2014-04-15"
"2014-04-04",0,0,11930.3,9522.73827243061,1,4359,"2014-04-15"
"2014-04-05",0,0,11930.3,9520.74277844909,1,4359,"2014-04-15"
"2014-04-06",0,0,11930.3,9526.32374752244,1,4359,"2014-04-15"
"2014-04-07",0,0,11930.3,9524.4150659272,1,4359,"2014-04-15"
"2014-04-08",0,0,11930.3,9523.80479536648,1,4359,"2014-04-15"
"2014-04-09",0,0,11930.3,9520.29824277317,1,4359,"2014-04-15"
"2014-04-10",0,0,11930.3,9527.07529039751,1,4359,"2014-04-15"
"2014-04-11",0,0,11930.3,9523.99650560623,1,4359,"2014-04-15"
"2014-04-12",0,0,11930.3,9528.11721005641,1,4359,"2014-04-15"
"2014-04-13",0,0,11930.3,9525.20845278097,1,4359,"2014-04-15"
"2014-04-14",0,0,11930.3,9527.76006178861,1,4359,"2014-04-15"
"2014-04-15",0,0,11930.3,9524.74298377918,1,4359,"2014-04-15"
"2014-04-16",0,0,11930.3,9524.18281643815,1,4359,"2014-04-15"
"2014-04-17",0,0,11930.3,9524.46951663751,1,4359,"2014-04-15"
"2014-04-18",0,0,11930.3,9526.67223010841,1,4359,"2014-04-15"
"2014-04-19",0,0,11930.3,9523.29680754501,1,4359,"2014-04-15"
"2014-04-20",0,0,11930.3,9528.02490321152,1,4359,"2014-04-15"
"2014-04-21",0,0,11930.3,9525.00697998959,1,4359,"2014-04-15"
"2014-04-22",0,0,11930.3,9524.31059112005,1,4359,"2014-04-15"
"2014-04-23",0,0,11930.3,9526.90638229414,1,4359,"2014-04-15"
"2014-04-24",0,0,11930.3,9525.24087178917,1,4359,"2014-04-15"
"2014-04-25",0,0,11930.3,9521.45759319352,1,4359,"2014-04-15"
"2014-04-26",0,0,11930.3,9522.87795880507,1,4359,"2014-04-15"
"2014-04-27",0,0,11930.3,9523.860691068,1,4359,"2014-04-15"
"2014-04-28",0,0,11930.3,9527.85462583346,1,4359,"2014-04-15"
"2014-04-29",0,0,11930.3,9521.7837618331,1,4359,"2014-04-15"
"2014-04-30",0,0,11930.3,9524.18608791126,1,4359,"2014-04-15"
"2014-05-01",0,0,11545.5,9222.08321627078,1,4359,"2014-04-15"
"2014-05-02",0,0,11545.5,9220.66663068567,1,4359,"2014-04-15"
"2014-05-03",0,0,11545.5,9220.02581623464,1,4359,"2014-04-15"
"2014-05-04",0,0,11545.5,9222.86199102725,1,4359,"2014-04-15"
"2014-05-05",0,0,11545.5,9214.49580557027,1,4359,"2014-04-15"
"2014-05-06",0,0,11545.5,9215.77834120101,1,4359,"2014-04-15"
"2014-05-07",0,0,11545.5,9215.34435024566,1,4359,"2014-04-15"
"2014-05-08",0,0,11545.5,9213.60257495043,1,4359,"2014-04-15"
"2014-05-09",0,0,11545.5,9214.98399657278,1,4359,"2014-04-15"
"2014-05-10",0,0,11545.5,9216.79951656225,1,4359,"2014-04-15"
"2014-05-11",0,0,11545.5,9222.87088191683,1,4359,"2014-04-15"
"2014-05-12",0,0,11545.5,9216.93955667165,1,4359,"2014-04-15"
"2014-05-13",0,0,11545.5,9215.85167510749,1,4359,"2014-04-15"
"2014-05-14",0,0,11545.5,9219.91399031446,1,4359,"2014-04-15"
"2014-05-15",0,0,11545.5,9214.052861967,1,4359,"2014-04-15"
"2014-05-16",0,0,11545.5,9216.08554592903,1,4359,"2014-04-15"
"2014-05-17",0,0,11545.5,9216.69524870894,1,4359,"2014-04-15"
"2014-05-18",0,0,11545.5,9214.21480706043,1,4359,"2014-04-15"
"2014-05-19",0,0,11545.5,9214.76661048212,1,4359,"2014-04-15"
"2014-05-20",0,0,11545.5,9214.24334147793,1,4359,"2014-04-15"
"2014-05-21",0,0,11545.5,9219.08257387427,1,4359,"2014-04-15"
"2014-05-22",0,0,11545.5,9216.03615881723,1,4359,"2014-04-15"
"2014-05-23",0,0,11545.5,9214.95756442274,1,4359,"2014-04-15"
"2014-05-24",0,0,11545.5,9219.79863545705,1,4359,"2014-04-15"
"2014-05-25",0,0,11545.5,9213.29999464878,1,4359,"2014-04-15"
"2014-05-26",0,0,11545.5,9216.07608726562,1,4359,"2014-04-15"
"2014-05-27",0,0,11545.5,9221.7560899778,1,4359,"2014-04-15"
"2014-05-28",0,0,11545.5,9219.16155997745,1,4359,"2014-04-15"
"2014-05-29",0,0,11545.5,9215.08213607675,1,4359,"2014-04-15"
"2014-05-30",0,0,11545.5,9213.12814332393,1,4359,"2014-04-15"
"2014-05-31",0,0,11545.5,9220.1552875674,1,4359,"2014-04-15"
"2014-06-01",0,0,11930.3,9522.08871035535,1,4359,"2014-04-15"
"2014-06-02",0,0,11930.3,9528.13355419948,1,4359,"2014-04-15"
"2014-06-03",0,0,11930.3,9523.48443164887,1,4359,"2014-04-15"
"2014-06-04",0,0,11930.3,9523.92050208222,1,4359,"2014-04-15"
"2014-06-05",0,0,11930.3,9520.76414755709,1,4359,"2014-04-15"
"2014-06-06",0,0,11930.3,9528.54396002763,1,4359,"2014-04-15"
"2014-06-07",0,0,11930.3,9528.42660784419,1,4359,"2014-04-15"
"2014-06-08",0,0,11930.3,9525.0627573689,1,4359,"2014-04-15"
"2014-06-09",0,0,11930.3,9521.26987742191,1,4359,"2014-04-15"
"2014-06-10",0,0,11930.3,9529.27639275487,1,4359,"2014-04-15"
"2014-06-11",0,0,11930.3,9522.99004102522,1,4359,"2014-04-15"
"2014-06-12",0,0,11930.3,9526.22505752766,1,4359,"2014-04-15"
"2014-06-13",0,0,11930.3,9522.24527942413,1,4359,"2014-04-15"
"2014-06-14",0,0,11930.3,9526.38934409642,1,4359,"2014-04-15"
"2014-06-15",0,0,11930.3,9529.77195954579,1,4359,"2014-04-15"
"2014-06-16",0,0,11930.3,9528.97992120055,1,4359,"2014-04-15"
"2014-06-17",0,0,11930.3,9525.97782121436,1,4359,"2014-04-15"
"2014-06-18",0,0,11930.3,9521.88956646878,1,4359,"2014-04-15"
"2014-06-19",0,0,11930.3,9528.85689670616,1,4359,"2014-04-15"
"2014-06-20",0,0,11930.3,9523.25546640135,1,4359,"2014-04-15"
"2014-06-21",0,0,11930.3,9527.65909727361,1,4359,"2014-04-15"
"2014-06-22",0,0,11930.3,9528.14648767864,1,4359,"2014-04-15"
"2014-06-23",0,0,11930.3,9525.8561752427,1,4359,"2014-04-15"
"2014-06-24",0,0,11930.3,9525.38762482745,1,4359,"2014-04-15"
"2014-06-25",0,0,11930.3,9525.67566065048,1,4359,"2014-04-15"
"2014-06-26",0,0,11930.3,9525.17475133692,1,4359,"2014-04-15"
"2014-06-27",0,0,11930.3,9526.7626649018,1,4359,"2014-04-15"
"2014-06-28",0,0,11930.3,9527.15687587089,1,4359,"2014-04-15"
"2014-06-29",0,0,11930.3,9525.08337690658,1,4359,"2014-04-15"
"2014-06-30",0,0,11930.3,9520.87711521821,1,4359,"2014-04-15"
"2014-07-01",0,0,11545.5,9214.5679978918,1,4359,"2014-04-15"
"2014-07-02",0,0,11545.5,9214.2109497179,1,4359,"2014-04-15"
"2014-07-03",0,0,11545.5,9213.05374723474,1,4359,"2014-04-15"
"2014-07-04",0,0,11545.5,9214.76632370462,1,4359,"2014-04-15"
"2014-07-05",0,0,11545.5,9216.05638617963,1,4359,"2014-04-15"
"2014-07-06",0,0,11545.5,9214.79381040751,1,4359,"2014-04-15"
"2014-07-07",0,0,11545.5,9222.47518461046,1,4359,"2014-04-15"
"2014-07-08",0,0,11545.5,9220.5174721087,1,4359,"2014-04-15"
"2014-07-09",0,0,11545.5,9220.35121422109,1,4359,"2014-04-15"
"2014-07-10",0,0,11545.5,9218.84934169088,1,4359,"2014-04-15"
"2014-07-11",0,0,11545.5,9213.12477897468,1,4359,"2014-04-15"
"2014-07-12",0,0,11545.5,9222.52609264885,1,4359,"2014-04-15"
"2014-07-13",0,0,11545.5,9222.07106552401,1,4359,"2014-04-15"
"2014-07-14",0,0,11545.5,9220.87222675874,1,4359,"2014-04-15"
"2014-07-15",0,0,11545.5,9220.09745139477,1,4359,"2014-04-15"
"2014-07-16",0,0,11545.5,9218.87199106009,1,4359,"2014-04-15"
"2014-07-17",0,0,11545.5,9212.95112953137,1,4359,"2014-04-15"
"2014-07-18",0,0,11545.5,9219.57625438773,1,4359,"2014-04-15"
"2014-07-19",0,0,11545.5,9218.48911805858,1,4359,"2014-04-15"
"2014-07-20",0,0,11545.5,9216.10710437723,1,4359,"2014-04-15"
"2014-07-21",0,0,11545.5,9213.22316031984,1,4359,"2014-04-15"
"2014-07-22",0,0,11545.5,9218.79270976723,1,4359,"2014-04-15"
"2014-07-23",0,0,11545.5,9214.75142224773,1,4359,"2014-04-15"
"2014-07-24",0,0,11545.5,9219.4907959256,1,4359,"2014-04-15"
"2014-07-25",0,0,11545.5,9220.67588334751,1,4359,"2014-04-15"
"2014-07-26",0,0,11545.5,9213.53873653651,1,4359,"2014-04-15"
"2014-07-27",0,0,11545.5,9222.48712459893,1,4359,"2014-04-15"
"2014-07-28",0,0,11545.5,9221.93535211577,1,4359,"2014-04-15"
"2014-07-29",0,0,11545.5,9215.70472185115,1,4359,"2014-04-15"
"2014-07-30",0,0,11545.5,9216.55447835184,1,4359,"2014-04-15"
"2014-07-31",0,0,11545.5,9217.50128314911,1,4359,"2014-04-15"
"2014-08-01",0,0,11545.5,9215.12509997549,1,4359,"2014-04-15"
"2014-08-02",0,0,11545.5,9213.00450986099,1,4359,"2014-04-15"
"2014-08-03",0,0,11545.5,9220.98541516193,1,4359,"2014-04-15"
"2014-08-04",0,0,11545.5,9214.68674911034,1,4359,"2014-04-15"
"2014-08-05",0,0,11545.5,9216.0091211585,1,4359,"2014-04-15"
"2014-08-06",0,0,11545.5,9220.86233235977,1,4359,"2014-04-15"
"2014-08-07",0,0,11545.5,9212.97029116039,1,4359,"2014-04-15"
"2014-08-08",0,0,11545.5,9214.2337107876,1,4359,"2014-04-15"
"2014-08-09",0,0,11545.5,9215.56755413848,1,4359,"2014-04-15"
"2014-08-10",0,0,11545.5,9217.76595701079,1,4359,"2014-04-15"
"2014-08-11",0,0,11545.5,9212.91306330438,1,4359,"2014-04-15"
"2014-08-12",0,0,11545.5,9215.69104500894,1,4359,"2014-04-15"
"2014-08-13",0,0,11545.5,9218.01744006189,1,4359,"2014-04-15"
"2014-08-14",0,0,11545.5,9216.85041059821,1,4359,"2014-04-15"
"2014-08-15",0,0,11545.5,9217.18079285079,1,4359,"2014-04-15"
"2014-08-16",0,0,11545.5,9222.03682858811,1,4359,"2014-04-15"
"2014-08-17",0,0,11545.5,9219.73247979849,1,4359,"2014-04-15"
"2014-08-18",0,0,11545.5,9220.09332776616,1,4359,"2014-04-15"
"2014-08-19",0,0,11545.5,9213.90389769419,1,4359,"2014-04-15"
"2014-08-20",0,0,11545.5,9222.79275902395,1,4359,"2014-04-15"
"2014-08-21",0,0,11545.5,9220.85206074023,1,4359,"2014-04-15"
"2014-08-22",0,0,11545.5,9219.3667739242,1,4359,"2014-04-15"
"2014-08-23",0,0,11545.5,9216.87116993206,1,4359,"2014-04-15"
"2014-08-24",0,0,11545.5,9215.04973710363,1,4359,"2014-04-15"
"2014-08-25",0,0,11545.5,9221.37310182058,1,4359,"2014-04-15"
"2014-08-26",0,0,11545.5,9218.22728842811,1,4359,"2014-04-15"
"2014-08-27",0,0,11545.5,9219.68613693572,1,4359,"2014-04-15"
"2014-08-28",0,0,11545.5,9216.72050777438,1,4359,"2014-04-15"
"2014-08-29",0,0,11545.5,9217.37227291881,1,4359,"2014-04-15"
"2014-08-30",0,0,11545.5,9222.49309944303,1,4359,"2014-04-15"
"2014-08-31",0,0,11545.5,9219.21021760057,1,4359,"2014-04-15"
"2014-09-01",0,0,11930.3,9524.03215369839,1,4359,"2014-04-15"
"2014-09-02",0,0,11930.3,9528.25193158747,1,4359,"2014-04-15"
"2014-09-03",0,0,11930.3,9523.81577680749,1,4359,"2014-04-15"
"2014-09-04",0,0,11930.3,9529.71427885513,1,4359,"2014-04-15"
"2014-09-05",0,0,11930.3,9522.43718836154,1,4359,"2014-04-15"
"2014-09-06",0,0,11930.3,9522.69365665201,1,4359,"2014-04-15"
"2014-09-07",0,0,11930.3,9526.90761219874,1,4359,"2014-04-15"
"2014-09-08",0,0,11930.3,9524.16220132658,1,4359,"2014-04-15"
"2014-09-09",0,0,11930.3,9526.55057857209,1,4359,"2014-04-15"
"2014-09-10",0,0,11930.3,9529.59712592583,1,4359,"2014-04-15"
"2014-09-11",0,0,11930.3,9525.70173287229,1,4359,"2014-04-15"
"2014-09-12",0,0,11930.3,9521.16354312678,1,4359,"2014-04-15"
"2014-09-13",0,0,11930.3,9520.74006932485,1,4359,"2014-04-15"
"2014-09-14",0,120,11930.3,9522.92552252231,1,4359,"2014-04-15"
"2014-09-15",0,2111,11930.3,9525.25376429246,1,4359,"2014-04-15"
"2014-09-16",0,2902,11930.3,9523.68722831063,1,4359,"2014-04-15"
"2014-09-17",0,3487,11930.3,9525.55895654182,1,4359,"2014-04-15"
"2014-09-18",0,3680,11930.3,9528.63360226085,1,4359,"2014-04-15"
"2014-09-19",0,3853,11930.3,9529.43009685889,1,4359,"2014-04-15"
"2014-09-20",0,4768,11930.3,9522.34680346144,1,4359,"2014-04-15"
"2014-09-21",0,4972,11930.3,9525.88398312615,1,4359,"2014-04-15"
"2014-09-22",0,4975,11930.3,9521.73148889957,1,4359,"2014-04-15"
"2014-09-23",0,4854,11930.3,9524.40640660399,1,4359,"2014-04-15"
"2014-09-24",0,4606,11930.3,9526.73669580767,1,4359,"2014-04-15"
"2014-09-25",0,4413,11930.3,9524.20137918951,1,4359,"2014-04-15"
"2014-09-26",0,3229,11930.3,9523.61956980709,1,4359,"2014-04-15"
"2014-09-27",0,2350,11930.3,9528.26530594309,1,4359,"2014-04-15"
"2014-09-28",0,3180,11930.3,9523.44784756355,1,4359,"2014-04-15"
"2014-09-29",0,4506,11930.3,9523.51625425672,1,4359,"2014-04-15"
"2014-09-30",0,4780,11930.3,9527.78243180761,1,4359,"2014-04-15"
"2014-10-01",0,5444,11545.5,9213.06072473374,1,4359,"2014-04-15"
"2014-10-02",0,7351,11545.5,9216.59065043867,1,4359,"2014-04-15"
"2014-10-03",0,7620,11545.5,9219.14993029867,1,4359,"2014-04-15"
"2014-10-04",0,7735,11545.5,9215.06143958389,1,4359,"2014-04-15"
"2014-10-05",0,7698,11545.5,9216.00040560436,1,4359,"2014-04-15"
"2014-10-06",0,7841,11545.5,9219.30554540676,1,4359,"2014-04-15"
"2014-10-07",0,8395,11545.5,9222.66157825093,1,4359,"2014-04-15"
"2014-10-08",0,8203,11545.5,9215.44285840669,1,4359,"2014-04-15"
"2014-10-09",0,7945,11545.5,9220.08108548901,1,4359,"2014-04-15"
"2014-10-10",0,8132,11545.5,9217.21735499647,1,4359,"2014-04-15"
"2014-10-11",0,7854,11545.5,9215.72115162468,1,4359,"2014-04-15"
"2014-10-12",0,9052,11545.5,9220.03485864109,1,4359,"2014-04-15"
"2014-10-13",0,11507,11545.5,9220.24053536902,1,4359,"2014-04-15"
"2014-10-14",0,11234,11545.5,9215.48254122806,1,4359,"2014-04-15"
"2014-10-15",0,10738,11545.5,9222.3711852947,1,4359,"2014-04-15"
"2014-10-16",0,10644,11545.5,9221.06974436284,1,4359,"2014-04-15"
"2014-10-17",0,11925,11545.5,9213.15460582578,1,4359,"2014-04-15"
"2014-10-18",0,11472,11545.5,9218.19164475973,1,4359,"2014-04-15"
"2014-10-19",0,11788,11545.5,9217.34668057959,1,4359,"2014-04-15"
"2014-10-20",0,13149,11545.5,9222.00999213929,1,4359,"2014-04-15"
"2014-10-21",0,14027,11545.5,9219.84182428882,1,4359,"2014-04-15"
"2014-10-22",0,13747,11545.5,9219.22220592468,1,4359,"2014-04-15"
"2014-10-23",0,13742,11545.5,9214.93964157381,1,4359,"2014-04-15"
"2014-10-24",0,13491,11545.5,9213.52430274093,1,4359,"2014-04-15"
"2014-10-25",0,13455,11545.5,9222.15175331185,1,4359,"2014-04-15"
"2014-10-26",0,13809,11545.5,9219.19965955044,1,4359,"2014-04-15"
"2014-10-27",0,14315,11545.5,9217.70707874873,1,4359,"2014-04-15"
"2014-10-28",0,14308,11545.5,9214.91703111526,1,4359,"2014-04-15"
"2014-10-29",0,13978,11545.5,9212.92874483473,1,4359,"2014-04-15"
"2014-10-30",0,13668,11545.5,9218.80449707002,1,4359,"2014-04-15"
"2014-10-31",0,13703,11545.5,9214.31964896235,1,4359,"2014-04-15"
"2014-11-01",0,14061,11930.3,9527.56032316411,1,4359,"2014-04-15"
"2014-11-02",0,14530,11930.3,9522.86509946851,1,4359,"2014-04-15"
"2014-11-03",0,14381,11930.3,9527.73281832389,1,4359,"2014-04-15"
"2014-11-04",0,13597,11930.3,9526.56885642489,1,4359,"2014-04-15"
"2014-11-05",0,12868,11930.3,9529.32415383566,1,4359,"2014-04-15"
"2014-11-06",0,12955,11930.3,9522.2718667721,1,4359,"2014-04-15"
"2014-11-07",0,12193,11930.3,9529.56196557195,1,4359,"2014-04-15"
"2014-11-08",0,11888,11930.3,9525.92227541307,1,4359,"2014-04-15"
"2014-11-09",0,11857,11930.3,9521.45809840342,1,4359,"2014-04-15"
"2014-11-10",0,12110,11930.3,9522.81155251829,1,4359,"2014-04-15"
"2014-11-11",0,11696,11930.3,9521.07703601407,1,4359,"2014-04-15"
"2014-11-12",0,11507,11930.3,9524.64265215141,1,4359,"2014-04-15"
"2014-11-13",0,11186,11930.3,9525.55739027612,1,4359,"2014-04-15"
"2014-11-14",0,10749,11930.3,9521.04289812432,1,4359,"2014-04-15"
"2014-11-15",0,10463,11930.3,9523.49533705903,1,4359,"2014-04-15"
"2014-11-16",0,10846,11930.3,9526.28944226937,1,4359,"2014-04-15"
"2014-11-17",0,11286,11930.3,9521.66345150839,1,4359,"2014-04-15"
"2014-11-18",0,11201,11930.3,9520.30226914143,1,4359,"2014-04-15"
"2014-11-19",0,10853,11930.3,9529.06094277441,1,4359,"2014-04-15"
"2014-11-20",0,10902,11930.3,9523.53418457485,1,4359,"2014-04-15"
"2014-11-21",0,10923,11930.3,9528.49561470259,1,4359,"2014-04-15"
"2014-11-22",0,10924,11930.3,9527.45630853973,1,4359,"2014-04-15"
"2014-11-23",0,11415,11930.3,9524.75957813836,1,4359,"2014-04-15"
"2014-11-24",0,11406,11930.3,9529.94491222012,1,4359,"2014-04-15"
"2014-11-25",0,10636,11930.3,9524.14399801451,1,4359,"2014-04-15"
"2014-11-26",0,10518,11930.3,9520.15842121724,1,4359,"2014-04-15"
"2014-11-27",0,10079,11930.3,9528.75158573432,1,4359,"2014-04-15"
"2014-11-28",0,9938,11930.3,9529.56331693498,1,4359,"2014-04-15"
"2014-11-29",0,9548,11930.3,9526.14040845703,1,4359,"2014-04-15"
"2014-11-30",0,9913,11930.3,9529.87844601903,1,4359,"2014-04-15"
"2014-12-01",0,10723,11545.5,9214.47672120842,1,4359,"2014-04-15"
"2014-12-02",0,11134,11545.5,9217.41049010853,1,4359,"2014-04-15"
"2014-12-03",0,11251,11545.5,9221.04072806506,1,4359,"2014-04-15"
"2014-12-04",0,11102,11545.5,9221.76244668278,1,4359,"2014-04-15"
"2014-12-05",0,12241,11545.5,9216.92059652262,1,4359,"2014-04-15"
"2014-12-06",0,12788,11545.5,9214.05645777785,1,4359,"2014-04-15"
"2014-12-07",0,13040,11545.5,9220.22283311549,1,4359,"2014-04-15"
"2014-12-08",0,14142,11545.5,9217.62132966972,1,4359,"2014-04-15"
"2014-12-09",0,14127,11545.5,9222.84102016675,1,4359,"2014-04-15"
"2014-12-10",0,13045,11545.5,9220.6018798527,1,4359,"2014-04-15"
"2014-12-11",0,12610,11545.5,9216.11220417858,1,4359,"2014-04-15"
"2014-12-12",0,12526,11545.5,9213.654779625,1,4359,"2014-04-15"
"2014-12-13",0,12577,11545.5,9222.86810559534,1,4359,"2014-04-15"
"2014-12-14",0,12292,11545.5,9214.17897603556,1,4359,"2014-04-15"
"2014-12-15",0,13840,11545.5,9216.40632029238,1,4359,"2014-04-15"
"2014-12-16",0,14303,11545.5,9215.40819961891,1,4359,"2014-04-15"
"2014-12-17",0,13681,11545.5,9214.1024818815,1,4359,"2014-04-15"
"2014-12-18",0,12838,11545.5,9214.53054869861,1,4359,"2014-04-15"
"2014-12-19",0,11830,11545.5,9214.17980251449,1,4359,"2014-04-15"
"2014-12-20",0,11506,11545.5,9214.77153509005,1,4359,"2014-04-15"
"2014-12-21",0,11969,11545.5,9217.40766828262,1,4359,"2014-04-15"
"2014-12-22",0,11528,11545.5,9219.88897481781,1,4359,"2014-04-15"
"2014-12-23",0,11370,11545.5,9215.61873366439,1,4359,"2014-04-15"
"2014-12-24",0,11875,11545.5,9220.41039531666,1,4359,"2014-04-15"
"2014-12-25",0,11714,11545.5,9215.41998374822,1,4359,"2014-04-15"
"2014-12-26",0,12294,11545.5,9216.96708212688,1,4359,"2014-04-15"
"2014-12-27",0,12262,11545.5,9214.05365571228,1,4359,"2014-04-15"
"2014-12-28",0,11640,11545.5,9214.16924807324,1,4359,"2014-04-15"
"2014-12-29",0,12067,11545.5,9221.52301182819,1,4359,"2014-04-15"
"2014-12-30",0,11742,11545.5,9214.35599124606,1,4359,"2014-04-15"
"2014-12-31",0,11991,11545.5,9213.37603954679,1,4359,"2014-04-15"
