"2014-01-01",34593,0,32203,11120.4431977686,-0.678534871281226,452,"2014-04-15"
"2014-01-02",44476,0,32203,11117.8078802516,-0.750026803663738,452,"2014-04-15"
"2014-01-03",41670,0,32203,11122.1500474521,-0.733089751681015,452,"2014-04-15"
"2014-01-04",38365,0,32203,11116.3018760717,-0.710248875900645,452,"2014-04-15"
"2014-01-05",36943,0,32203,11122.3112621115,-0.698933187285506,452,"2014-04-15"
"2014-01-06",35030,0,32203,11114.5141719216,-0.682714411306836,452,"2014-04-15"
"2014-01-07",34194,0,32203,11123.1616734577,-0.674704285153602,452,"2014-04-15"
"2014-01-08",32272,0,32203,11115.7116494937,-0.655561736195659,452,"2014-04-15"
"2014-01-09",30487,0,32203,11116.3303503212,-0.63537473840256,452,"2014-04-15"
"2014-01-10",30521,0,32203,11120.5246713039,-0.635643502136105,452,"2014-04-15"
"2014-01-11",31404,0,32203,11114.1723112323,-0.646090551801289,452,"2014-04-15"
"2014-01-12",33170,0,32203,11114.6840924471,-0.664917573335934,452,"2014-04-15"
"2014-01-13",32539,0,32203,11120.9378329412,-0.658227424538517,452,"2014-04-15"
"2014-01-14",31694,0,32203,11114.1859263581,-0.649328392555117,452,"2014-04-15"
"2014-01-15",31558,0,32203,11116.4080162583,-0.647746751496981,452,"2014-04-15"
"2014-01-16",32414,0,32203,11117.6313385092,-0.657011435228322,452,"2014-04-15"
"2014-01-17",33511,0,32203,11119.2447681822,-0.668191197869888,452,"2014-04-15"
"2014-01-18",34553,0,32203,11122.8211795449,-0.67809390850158,452,"2014-04-15"
"2014-01-19",36403,0,32203,11118.6140011371,-0.694568744303022,452,"2014-04-15"
"2014-01-20",37771,0,32203,11121.0479953633,-0.705566492934705,452,"2014-04-15"
"2014-01-21",38150,0,32203,11116.7166159818,-0.708605069043728,452,"2014-04-15"
"2014-01-22",38330,0,32203,11116.3019197345,-0.709984296380525,452,"2014-04-15"
"2014-01-23",40787,0,32203,11116.3095380835,-0.727454592441623,452,"2014-04-15"
"2014-01-24",43369,0,32203,11116.0171273238,-0.74368749274081,452,"2014-04-15"
"2014-01-25",45657,0,32203,11117.3146505332,-0.756503610606629,452,"2014-04-15"
"2014-01-26",48256,0,32203,11123.0406036744,-0.769499324360196,452,"2014-04-15"
"2014-01-27",49735,0,32203,11115.2018386921,-0.776511474038563,452,"2014-04-15"
"2014-01-28",53025,0,32203,11115.5942769073,-0.790370687847104,452,"2014-04-15"
"2014-01-29",55167,0,32203,11123.2640720442,-0.798371053853858,452,"2014-04-15"
"2014-01-30",56980,0,32203,11115.2083064876,-0.804927899149043,452,"2014-04-15"
"2014-01-31",54432,0,32203,11120.2682620617,-0.795703478430672,452,"2014-04-15"
"2014-02-01",52524,0,37436,12927.672742332,-0.753871130486406,452,"2014-04-15"
"2014-02-02",50082,4346,37436,22078.8326203458,-0.559146347583048,452,"2014-04-15"
"2014-02-03",50138,6533,37436,26688.3732488335,-0.46770167839097,452,"2014-04-15"
"2014-02-04",51316,8078,37436,29943.2218919948,-0.416493454439262,452,"2014-04-15"
"2014-02-05",52387,8916,37436,31698.5461893882,-0.394915796106129,452,"2014-04-15"
"2014-02-06",53119,9901,37436,33777.8406787315,-0.364110004353781,452,"2014-04-15"
"2014-02-07",53270,11600,37436,37356.3883931136,-0.298734965400534,452,"2014-04-15"
"2014-02-08",53000,12104,37436,38415.3362934181,-0.275182334086451,452,"2014-04-15"
"2014-02-09",54873,12351,37436,38933.9339079242,-0.290471927761847,452,"2014-04-15"
"2014-02-10",53166,11550,37436,37246.5065536928,-0.299429963629147,452,"2014-04-15"
"2014-02-11",52050,10429,37436,34894.6329257026,-0.329593987978817,452,"2014-04-15"
"2014-02-12",52671,10200,37436,34405.075503748,-0.346792817608399,452,"2014-04-15"
"2014-02-13",51987,10964,37436,36020.1757055869,-0.307131096128131,452,"2014-04-15"
"2014-02-14",51656,12201,37436,38623.0407657776,-0.252302912231346,452,"2014-04-15"
"2014-02-15",54271,13077,37436,40462.757908739,-0.254431318591163,452,"2014-04-15"
"2014-02-16",57033,14234,37436,42902.3103231422,-0.247763394470881,452,"2014-04-15"
"2014-02-17",54861,15447,37436,45456.3143225871,-0.171427529163028,452,"2014-04-15"
"2014-02-18",51087,15975,37436,46565.8131567401,-0.0884997522512558,452,"2014-04-15"
"2014-02-19",47640,14921,37436,44353.66642221,-0.0689826527663718,452,"2014-04-15"
"2014-02-20",46060,14764,37436,44018.0438147067,-0.0443325268192206,452,"2014-04-15"
"2014-02-21",46561,15102,37436,44733.7395503376,-0.0392444416928842,452,"2014-04-15"
"2014-02-22",48094,14875,37436,44249.4473829556,-0.0799383003502382,452,"2014-04-15"
"2014-02-23",49460,15023,37436,44566.5289667559,-0.0989379505306129,452,"2014-04-15"
"2014-02-24",48133,15273,37436,45091.7866840928,-0.0631835396901753,452,"2014-04-15"
"2014-02-25",45608,15576,37436,45733.1043679066,0.00274303560573985,452,"2014-04-15"
"2014-02-26",42827,15241,37436,45022.7039591662,0.0512691516838955,452,"2014-04-15"
"2014-02-27",41868,14323,37436,43089.5343462562,0.029175846619284,452,"2014-04-15"
"2014-02-28",42918,14721,37436,43932.665643871,0.0236419601069706,452,"2014-04-15"
"2014-03-01",46454,20160,35504,54722.9489509134,0.178002948097331,452,"2014-04-15"
"2014-03-02",46995,16497,35504,46999.4384987424,9.44461909220262e-05,452,"2014-04-15"
"2014-03-03",44553,16153,35504,46281.0087936692,0.0387854643608554,452,"2014-04-15"
"2014-03-04",42115,15351,35504,44586.0075407372,0.0586728609934042,452,"2014-04-15"
"2014-03-05",39105,14297,35504,42367.1383380904,0.0834199805163118,452,"2014-04-15"
"2014-03-06",38169,13586,35504,40870.6074628882,0.0707801478395607,452,"2014-04-15"
"2014-03-07",37355,12677,35504,38957.6260968875,0.0429025859158756,452,"2014-04-15"
"2014-03-08",38873,12518,35504,38618.3120732565,-0.0065517949925008,452,"2014-04-15"
"2014-03-09",40567,13049,35504,39737.2843006724,-0.0204529716106101,452,"2014-04-15"
"2014-03-10",38939,13354,35504,40384.9792808371,0.0371344739422466,452,"2014-04-15"
"2014-03-11",37637,12426,35504,38428.1469773064,0.0210204579883204,452,"2014-04-15"
"2014-03-12",37060,12157,35504,37860.9970251723,0.0216135192976863,452,"2014-04-15"
"2014-03-13",34851,11619,35504,36732.8843897092,0.0539980026314641,452,"2014-04-15"
"2014-03-14",34790,10792,35504,34984.3377500643,0.00558602328440161,452,"2014-04-15"
"2014-03-15",35278,10721,35504,34838.2293391537,-0.012465861467381,452,"2014-04-15"
"2014-03-16",36940,11499,35504,36478.8494535893,-0.0124837722363474,452,"2014-04-15"
"2014-03-17",36438,12132,35504,37810.894605111,0.0376775510486591,452,"2014-04-15"
"2014-03-18",34713,11119,35504,35671.7225724837,0.027618545573235,452,"2014-04-15"
"2014-03-19",33977,10894,35504,35206.4020534563,0.036183360904622,452,"2014-04-15"
"2014-03-20",32698,10410,35504,34181.5242129167,0.0453704878866186,452,"2014-04-15"
"2014-03-21",32042,9822,35504,32942.606569143,0.0281070647632178,452,"2014-04-15"
"2014-03-22",33286,9905,35504,33117.2778560923,-0.00506886210141644,452,"2014-04-15"
"2014-03-23",34702,10154,35504,33640.9254066187,-0.0305767561921885,452,"2014-04-15"
"2014-03-24",33966,10590,35504,34563.4499016226,0.0175896455756515,452,"2014-04-15"
"2014-03-25",32316,9895,35504,33095.1749074179,0.0241111185610206,452,"2014-04-15"
"2014-03-26",30609,9510,35504,32285.7899817564,0.0547809461843374,452,"2014-04-15"
"2014-03-27",30250,8642,35504,30462.8826343234,0.00703744245697235,452,"2014-04-15"
"2014-03-28",30320,8489,35504,30138.7877424035,-0.00597665757244337,452,"2014-04-15"
"2014-03-29",0,8487,35504,30134.1662043111,1,452,"2014-04-15"
"2014-03-30",0,8673,35504,30524.8680294355,1,452,"2014-04-15"
"2014-03-31",0,9036,35504,31287.7841772876,1,452,"2014-04-15"
"2014-04-01",0,10952,38522,36371.0583548396,1,452,"2014-04-15"
"2014-04-02",0,9983,38522,34328.8656167559,1,452,"2014-04-15"
"2014-04-03",0,9953,38522,34259.2548986318,1,452,"2014-04-15"
"2014-04-04",0,10599,38522,35618.4488821309,1,452,"2014-04-15"
"2014-04-05",0,11411,38522,37335.124816418,1,452,"2014-04-15"
"2014-04-06",0,10094,38522,34559.8341154429,1,452,"2014-04-15"
"2014-04-07",0,9789,38522,33913.6116813499,1,452,"2014-04-15"
"2014-04-08",0,9427,38522,33157.0464481107,1,452,"2014-04-15"
"2014-04-09",0,9091,38522,32449.5470915948,1,452,"2014-04-15"
"2014-04-10",0,8905,38522,32051.7284993628,1,452,"2014-04-15"
"2014-04-11",0,9015,38522,32287.1875359884,1,452,"2014-04-15"
"2014-04-12",0,8929,38522,32104.4922024397,1,452,"2014-04-15"
"2014-04-13",0,9294,38522,32871.7970254143,1,452,"2014-04-15"
"2014-04-14",0,9702,38522,33731.1952777499,1,452,"2014-04-15"
"2014-04-15",0,9458,38522,33220.7750950485,1,452,"2014-04-15"
"2014-04-16",0,9418,38522,33138.6645073535,1,452,"2014-04-15"
"2014-04-17",0,9324,38522,32933.744695943,1,452,"2014-04-15"
"2014-04-18",0,9420,38522,33137.7790288752,1,452,"2014-04-15"
"2014-04-19",0,9303,38522,32896.3293991387,1,452,"2014-04-15"
"2014-04-20",0,10024,38522,34415.6973690057,1,452,"2014-04-15"
"2014-04-21",0,10227,38522,34842.7175124563,1,452,"2014-04-15"
"2014-04-22",0,9883,38522,34115.4970761905,1,452,"2014-04-15"
"2014-04-23",0,9771,38522,33880.9973331757,1,452,"2014-04-15"
"2014-04-24",0,9111,38522,32493.4227317302,1,452,"2014-04-15"
"2014-04-25",0,8837,38522,31911.9177024717,1,452,"2014-04-15"
"2014-04-26",0,8544,38522,31290.7929162946,1,452,"2014-04-15"
"2014-04-27",0,9018,38522,32295.8797691426,1,452,"2014-04-15"
"2014-04-28",0,9430,38522,33156.1866806273,1,452,"2014-04-15"
"2014-04-29",0,10861,38522,36179.5103222969,1,452,"2014-04-15"
"2014-04-30",0,12434,38522,39491.8936120502,1,452,"2014-04-15"
"2014-05-01",0,17279,39143,49905.632032329,1,452,"2014-04-15"
"2014-05-02",0,20626,39143,56955.6678826286,1,452,"2014-04-15"
"2014-05-03",0,18215,39143,51882.1923445796,1,452,"2014-04-15"
"2014-05-04",0,16286,39143,47819.4825241374,1,452,"2014-04-15"
"2014-05-05",0,16207,39143,47646.4013097982,1,452,"2014-04-15"
"2014-05-06",0,15180,39143,45489.8870071193,1,452,"2014-04-15"
"2014-05-07",0,14288,39143,43602.3014817221,1,452,"2014-04-15"
"2014-05-08",0,13752,39143,42473.3105346269,1,452,"2014-04-15"
"2014-05-09",0,12789,39143,40449.4669239058,1,452,"2014-04-15"
"2014-05-10",0,12352,39143,39527.6893364933,1,452,"2014-04-15"
"2014-05-11",0,12394,39143,39622.1844541855,1,452,"2014-04-15"
"2014-05-12",0,13248,39143,41417.89458408,1,452,"2014-04-15"
"2014-05-13",0,12639,39143,40133.3806247262,1,452,"2014-04-15"
"2014-05-14",0,12123,39143,39042.4691848335,1,452,"2014-04-15"
"2014-05-15",0,12088,39143,38970.6703990705,1,452,"2014-04-15"
"2014-05-16",0,12154,39143,39109.0934193656,1,452,"2014-04-15"
"2014-05-17",0,12523,39143,39891.6517721795,1,452,"2014-04-15"
"2014-05-18",0,12975,39143,40838.0397088794,1,452,"2014-04-15"
"2014-05-19",0,13092,39143,41086.6518506701,1,452,"2014-04-15"
"2014-05-20",0,12663,39143,40186.5455136333,1,452,"2014-04-15"
"2014-05-21",0,12327,39143,39476.4192839975,1,452,"2014-04-15"
"2014-05-22",0,12102,39143,38999.0929839883,1,452,"2014-04-15"
"2014-05-23",0,11798,39143,38361.439905894,1,452,"2014-04-15"
"2014-05-24",0,11729,39143,38218.3848726812,1,452,"2014-04-15"
"2014-05-25",0,12222,39143,39260.0310458474,1,452,"2014-04-15"
"2014-05-26",0,13098,39143,41096.0565680077,1,452,"2014-04-15"
"2014-05-27",0,12243,39143,39299.2216328564,1,452,"2014-04-15"
"2014-05-28",0,12181,39143,39167.1641563581,1,452,"2014-04-15"
"2014-05-29",0,11904,39143,38582.2106204625,1,452,"2014-04-15"
"2014-05-30",0,12204,39143,39220.2714977066,1,452,"2014-04-15"
"2014-05-31",0,12715,39143,40297.7232289131,1,452,"2014-04-15"
"2014-06-01",0,16063,42470,48497.8185160392,1,452,"2014-04-15"
"2014-06-02",0,16622,42470,49675.1465724723,1,452,"2014-04-15"
"2014-06-03",0,16191,42470,48761.387994358,1,452,"2014-04-15"
"2014-06-04",0,15702,42470,47736.0203533808,1,452,"2014-04-15"
"2014-06-05",0,15259,42470,46799.0169409931,1,452,"2014-04-15"
"2014-06-06",0,15253,42470,46786.7091486889,1,452,"2014-04-15"
"2014-06-07",0,15787,42470,47914.9641355622,1,452,"2014-04-15"
"2014-06-08",0,15251,42470,46779.2439788041,1,452,"2014-04-15"
"2014-06-09",0,16353,42470,49106.3483338758,1,452,"2014-04-15"
"2014-06-10",0,17944,42470,52453.5070044446,1,452,"2014-04-15"
"2014-06-11",0,19567,42470,55869.2814240793,1,452,"2014-04-15"
"2014-06-12",0,20739,42470,58337.4328695826,1,452,"2014-04-15"
"2014-06-13",0,20984,42470,58862.3187699321,1,452,"2014-04-15"
"2014-06-14",0,19712,42470,56183.2892023331,1,452,"2014-04-15"
"2014-06-15",0,19423,42470,55566.6491884211,1,452,"2014-04-15"
"2014-06-16",0,20103,42470,57002.0065251656,1,452,"2014-04-15"
"2014-06-17",0,19411,42470,55547.4076840556,1,452,"2014-04-15"
"2014-06-18",0,19240,42470,55179.5911021724,1,452,"2014-04-15"
"2014-06-19",0,18646,42470,53934.6418983734,1,452,"2014-04-15"
"2014-06-20",0,19008,42470,54699.0181577457,1,452,"2014-04-15"
"2014-06-21",0,19494,42470,55721.504916189,1,452,"2014-04-15"
"2014-06-22",0,20145,42470,57092.6376198592,1,452,"2014-04-15"
"2014-06-23",0,20991,42470,58872.5702763024,1,452,"2014-04-15"
"2014-06-24",0,21204,42470,59321.8994845997,1,452,"2014-04-15"
"2014-06-25",0,20605,42470,58060.0070358386,1,452,"2014-04-15"
"2014-06-26",0,19990,42470,56766.6015607011,1,452,"2014-04-15"
"2014-06-27",0,19589,42470,55915.0577105088,1,452,"2014-04-15"
"2014-06-28",0,19355,42470,55429.0248488072,1,452,"2014-04-15"
"2014-06-29",0,19769,42470,56302.8648626204,1,452,"2014-04-15"
"2014-06-30",0,20942,42470,58769.1065415381,1,452,"2014-04-15"
"2014-07-01",0,25070,43155,67696.7647112795,1,452,"2014-04-15"
"2014-07-02",0,24384,43155,66250.7735261247,1,452,"2014-04-15"
"2014-07-03",0,23168,43155,63696.7699746817,1,452,"2014-04-15"
"2014-07-04",0,22770,43155,62854.3951441331,1,452,"2014-04-15"
"2014-07-05",0,22232,43155,61717.96035417,1,452,"2014-04-15"
"2014-07-06",0,22365,43155,62000.3855043856,1,452,"2014-04-15"
"2014-07-07",0,23703,43155,64817.3268269711,1,452,"2014-04-15"
"2014-07-08",0,23302,43155,63973.3723901535,1,452,"2014-04-15"
"2014-07-09",0,23458,43155,64309.0775414001,1,452,"2014-04-15"
"2014-07-10",0,22316,43155,61895.7901966814,1,452,"2014-04-15"
"2014-07-11",0,22269,43155,61798.4065446033,1,452,"2014-04-15"
"2014-07-12",0,22296,43155,61856.4980630882,1,452,"2014-04-15"
"2014-07-13",0,22424,43155,62123.3146284694,1,452,"2014-04-15"
"2014-07-14",0,22970,43155,63277.4466264154,1,452,"2014-04-15"
"2014-07-15",0,23301,43155,63974.9868401132,1,452,"2014-04-15"
"2014-07-16",0,22935,43155,63206.5429431002,1,452,"2014-04-15"
"2014-07-17",0,22756,43155,62826.8326344581,1,452,"2014-04-15"
"2014-07-18",0,22856,43155,63040.9710762316,1,452,"2014-04-15"
"2014-07-19",0,22215,43155,61689.5297554201,1,452,"2014-04-15"
"2014-07-20",0,22280,43155,61825.3105005429,1,452,"2014-04-15"
"2014-07-21",0,23487,43155,64367.114601483,1,452,"2014-04-15"
"2014-07-22",0,24262,43155,65998.2753851702,1,452,"2014-04-15"
"2014-07-23",0,23140,43155,63638.3076954011,1,452,"2014-04-15"
"2014-07-24",0,22427,43155,62135.5463591988,1,452,"2014-04-15"
"2014-07-25",0,21890,43155,61001.7544871673,1,452,"2014-04-15"
"2014-07-26",0,21675,43155,60545.9621332157,1,452,"2014-04-15"
"2014-07-27",0,21904,43155,61030.7264909275,1,452,"2014-04-15"
"2014-07-28",0,22653,43155,62604.6341002647,1,452,"2014-04-15"
"2014-07-29",0,22442,43155,62163.7789925055,1,452,"2014-04-15"
"2014-07-30",0,21891,43155,61008.5468520636,1,452,"2014-04-15"
"2014-07-31",0,21646,43155,60484.4287554323,1,452,"2014-04-15"
"2014-08-01",0,26350,45313,71135.946006427,1,452,"2014-04-15"
"2014-08-02",0,26021,45313,70448.5192820088,1,452,"2014-04-15"
"2014-08-03",0,25307,45313,68947.9664926323,1,452,"2014-04-15"
"2014-08-04",0,25688,45313,69745.8474030329,1,452,"2014-04-15"
"2014-08-05",0,25241,45313,68803.2659660067,1,452,"2014-04-15"
"2014-08-06",0,24670,45313,67604.6913825836,1,452,"2014-04-15"
"2014-08-07",0,23915,45313,66007.5138696186,1,452,"2014-04-15"
"2014-08-08",0,23636,45313,65427.4347137945,1,452,"2014-04-15"
"2014-08-09",0,23870,45313,65921.857115522,1,452,"2014-04-15"
"2014-08-10",0,23675,45313,65503.9180780891,1,452,"2014-04-15"
"2014-08-11",0,24828,45313,67936.6600910777,1,452,"2014-04-15"
"2014-08-12",0,24983,45313,68260.7114643342,1,452,"2014-04-15"
"2014-08-13",0,25142,45313,68599.6360259287,1,452,"2014-04-15"
"2014-08-14",0,25739,45313,69853.2533181392,1,452,"2014-04-15"
"2014-08-15",0,25683,45313,69737.3341367072,1,452,"2014-04-15"
"2014-08-16",0,25520,45313,69390.4514114731,1,452,"2014-04-15"
"2014-08-17",0,25802,45313,69986.8081054245,1,452,"2014-04-15"
"2014-08-18",0,26980,45313,72462.9311913765,1,452,"2014-04-15"
"2014-08-19",0,26745,45313,71967.4536219539,1,452,"2014-04-15"
"2014-08-20",0,26443,45313,71341.0222266834,1,452,"2014-04-15"
"2014-08-21",0,26549,45313,71562.2819484515,1,452,"2014-04-15"
"2014-08-22",0,26331,45313,71098.5639915697,1,452,"2014-04-15"
"2014-08-23",0,26517,45313,71493.529636432,1,452,"2014-04-15"
"2014-08-24",0,26787,45313,72062.4542002237,1,452,"2014-04-15"
"2014-08-25",0,27190,45313,72907.122740545,1,452,"2014-04-15"
"2014-08-26",0,27146,45313,72814.0635728335,1,452,"2014-04-15"
"2014-08-27",0,27092,45313,72708.2531365239,1,452,"2014-04-15"
"2014-08-28",0,26429,45313,71304.8896402037,1,452,"2014-04-15"
"2014-08-29",0,25893,45313,70182.2372492031,1,452,"2014-04-15"
"2014-08-30",0,25468,45313,69281.7707959663,1,452,"2014-04-15"
"2014-08-31",0,26424,45313,71296.4525196593,1,452,"2014-04-15"
"2014-09-01",0,31152,49165,82582.112683573,1,452,"2014-04-15"
"2014-09-02",0,31227,49165,82737.7534826875,1,452,"2014-04-15"
"2014-09-03",0,29350,49165,78789.255343775,1,452,"2014-04-15"
"2014-09-04",0,28109,49165,76177.8006786266,1,452,"2014-04-15"
"2014-09-05",0,26716,49165,73244.7366838167,1,452,"2014-04-15"
"2014-09-06",0,25305,49165,70267.4885826774,1,452,"2014-04-15"
"2014-09-07",0,25953,49165,71636.4518891847,1,452,"2014-04-15"
"2014-09-08",0,26506,49165,72799.4804624739,1,452,"2014-04-15"
"2014-09-09",0,24956,49165,69537.6499742078,1,452,"2014-04-15"
"2014-09-10",0,24159,49165,67853.0581797954,1,452,"2014-04-15"
"2014-09-11",0,22137,49165,63597.5569108316,1,452,"2014-04-15"
"2014-09-12",0,22866,49165,65130.597509592,1,452,"2014-04-15"
"2014-09-13",0,22479,49165,64313.2465622552,1,452,"2014-04-15"
"2014-09-14",0,23363,49165,66181.9407154055,1,452,"2014-04-15"
"2014-09-15",0,24214,49165,67969.0570943951,1,452,"2014-04-15"
"2014-09-16",0,23796,49165,67086.0497800218,1,452,"2014-04-15"
"2014-09-17",0,23207,49165,65850.5978398874,1,452,"2014-04-15"
"2014-09-18",0,23400,49165,66260.1531706765,1,452,"2014-04-15"
"2014-09-19",0,26815,49165,73453.8360000601,1,452,"2014-04-15"
"2014-09-20",0,30378,49165,80957.8174393207,1,452,"2014-04-15"
"2014-09-21",0,30213,49165,80602.4145725716,1,452,"2014-04-15"
"2014-09-22",0,27940,49165,75821.023739734,1,452,"2014-04-15"
"2014-09-23",0,26256,49165,72266.9742844097,1,452,"2014-04-15"
"2014-09-24",0,24183,49165,67907.0651351981,1,452,"2014-04-15"
"2014-09-25",0,22954,49165,65318.063978633,1,452,"2014-04-15"
"2014-09-26",0,21384,49165,62015.2810759198,1,452,"2014-04-15"
"2014-09-27",0,21205,49165,61631.7759464824,1,452,"2014-04-15"
"2014-09-28",0,21280,49165,61788.231759826,1,452,"2014-04-15"
"2014-09-29",0,21040,49165,61285.8836641347,1,452,"2014-04-15"
"2014-09-30",0,22794,49165,64984.5279731492,1,452,"2014-04-15"
"2014-10-01",0,29476,49958,79329.9287296667,1,452,"2014-04-15"
"2014-10-02",0,39056,49958,99507.9658038793,1,452,"2014-04-15"
"2014-10-03",0,38796,49958,98957.6158081305,1,452,"2014-04-15"
"2014-10-04",0,36168,49958,93423.228110453,1,452,"2014-04-15"
"2014-10-05",0,34949,49958,90850.3045231806,1,452,"2014-04-15"
"2014-10-06",0,33949,49958,88751.4176453597,1,452,"2014-04-15"
"2014-10-07",0,32705,49958,86126.0926391235,1,452,"2014-04-15"
"2014-10-08",0,30979,49958,82495.5438715074,1,452,"2014-04-15"
"2014-10-09",0,28447,49958,77160.7885154879,1,452,"2014-04-15"
"2014-10-10",0,27257,49958,74658.5390285014,1,452,"2014-04-15"
"2014-10-11",0,25855,49958,71697.0834332729,1,452,"2014-04-15"
"2014-10-12",0,25753,49958,71486.9855176035,1,452,"2014-04-15"
"2014-10-13",0,27123,49958,74367.1501654147,1,452,"2014-04-15"
"2014-10-14",0,25859,49958,71705.6011968988,1,452,"2014-04-15"
"2014-10-15",0,24364,49958,68564.6055070935,1,452,"2014-04-15"
"2014-10-16",0,23294,49958,66311.5627201446,1,452,"2014-04-15"
"2014-10-17",0,23564,49958,66874.8783262796,1,452,"2014-04-15"
"2014-10-18",0,23531,49958,66808.3290330507,1,452,"2014-04-15"
"2014-10-19",0,24203,49958,68217.7424283662,1,452,"2014-04-15"
"2014-10-20",0,24873,49958,69629.1623670595,1,452,"2014-04-15"
"2014-10-21",0,24238,49958,68294.217172507,1,452,"2014-04-15"
"2014-10-22",0,23014,49958,65716.199925087,1,452,"2014-04-15"
"2014-10-23",0,22615,49958,64874.6101539989,1,452,"2014-04-15"
"2014-10-24",0,22088,49958,63763.184952829,1,452,"2014-04-15"
"2014-10-25",0,21430,49958,62383.3293681721,1,452,"2014-04-15"
"2014-10-26",0,21763,49958,63082.2566780229,1,452,"2014-04-15"
"2014-10-27",0,23080,49958,65852.4182987486,1,452,"2014-04-15"
"2014-10-28",0,22670,49958,64995.4672534443,1,452,"2014-04-15"
"2014-10-29",0,22253,49958,64110.3860538621,1,452,"2014-04-15"
"2014-10-30",0,21671,49958,62889.3613617541,1,452,"2014-04-15"
"2014-10-31",0,21851,49958,63268.6875063167,1,452,"2014-04-15"
"2014-11-01",0,25278,54204,71947.2350518002,1,452,"2014-04-15"
"2014-11-02",0,25408,54204,72225.734847785,1,452,"2014-04-15"
"2014-11-03",0,25775,54204,73001.6408476624,1,452,"2014-04-15"
"2014-11-04",0,24410,54204,70121.4451086321,1,452,"2014-04-15"
"2014-11-05",0,23493,54204,68190.5936891112,1,452,"2014-04-15"
"2014-11-06",0,22531,54204,66169.4553783683,1,452,"2014-04-15"
"2014-11-07",0,22553,54204,66206.9368304057,1,452,"2014-04-15"
"2014-11-08",0,22873,54204,66882.0855440696,1,452,"2014-04-15"
"2014-11-09",0,24115,54204,69501.1127779526,1,452,"2014-04-15"
"2014-11-10",0,25035,54204,71443.5764207151,1,452,"2014-04-15"
"2014-11-11",0,25222,54204,71836.006996773,1,452,"2014-04-15"
"2014-11-12",0,24630,54204,70581.6502042868,1,452,"2014-04-15"
"2014-11-13",0,23724,54204,68677.6126733119,1,452,"2014-04-15"
"2014-11-14",0,23028,54204,67210.696208606,1,452,"2014-04-15"
"2014-11-15",0,22787,54204,66705.4741732124,1,452,"2014-04-15"
"2014-11-16",0,24061,54204,69392.7407561985,1,452,"2014-04-15"
"2014-11-17",0,25839,54204,73136.9638038693,1,452,"2014-04-15"
"2014-11-18",0,25365,54204,72139.2950787028,1,452,"2014-04-15"
"2014-11-19",0,24623,54204,70575.8572082637,1,452,"2014-04-15"
"2014-11-20",0,23668,54204,68556.1675455235,1,452,"2014-04-15"
"2014-11-21",0,23695,54204,68619.9391463813,1,452,"2014-04-15"
"2014-11-22",0,23948,54204,69152.9595180526,1,452,"2014-04-15"
"2014-11-23",0,25279,54204,71953.2563608766,1,452,"2014-04-15"
"2014-11-24",0,26665,54204,74870.001150078,1,452,"2014-04-15"
"2014-11-25",0,24519,54204,70350.2316187082,1,452,"2014-04-15"
"2014-11-26",0,24240,54204,69769.3293088142,1,452,"2014-04-15"
"2014-11-27",0,23513,54204,68237.6587613857,1,452,"2014-04-15"
"2014-11-28",0,22484,54204,66063.5271820456,1,452,"2014-04-15"
"2014-11-29",0,22452,54204,66000.5118375585,1,452,"2014-04-15"
"2014-11-30",0,24364,54204,70021.3854882344,1,452,"2014-04-15"
"2014-12-01",0,28559,55079,79159.5588465328,1,452,"2014-04-15"
"2014-12-02",0,28918,55079,79918.5862384672,1,452,"2014-04-15"
"2014-12-03",0,27650,55079,77250.6129760565,1,452,"2014-04-15"
"2014-12-04",0,26536,55079,74903.4587796959,1,452,"2014-04-15"
"2014-12-05",0,26291,55079,74389.0869107365,1,452,"2014-04-15"
"2014-12-06",0,25660,55079,73060.5634698104,1,452,"2014-04-15"
"2014-12-07",0,26453,55079,74729.4362188086,1,452,"2014-04-15"
"2014-12-08",0,28068,55079,78130.5376360328,1,452,"2014-04-15"
"2014-12-09",0,27037,55079,75955.501501059,1,452,"2014-04-15"
"2014-12-10",0,25881,55079,73522.7626936603,1,452,"2014-04-15"
"2014-12-11",0,25292,55079,72278.827504635,1,452,"2014-04-15"
"2014-12-12",0,25288,55079,72275.5742150112,1,452,"2014-04-15"
"2014-12-13",0,24871,55079,71392.1994372862,1,452,"2014-04-15"
"2014-12-14",0,25877,55079,73511.1063671022,1,452,"2014-04-15"
"2014-12-15",0,28001,55079,77992.0176347194,1,452,"2014-04-15"
"2014-12-16",0,26891,55079,75652.0007565188,1,452,"2014-04-15"
"2014-12-17",0,26162,55079,74118.2014621328,1,452,"2014-04-15"
"2014-12-18",0,24734,55079,71103.6291087399,1,452,"2014-04-15"
"2014-12-19",0,24263,55079,70113.9862000212,1,452,"2014-04-15"
"2014-12-20",0,24078,55079,69722.0171494017,1,452,"2014-04-15"
"2014-12-21",0,24566,55079,70749.4470595599,1,452,"2014-04-15"
"2014-12-22",0,26793,55079,75440.4170833566,1,452,"2014-04-15"
"2014-12-23",0,26529,55079,74889.3204267144,1,452,"2014-04-15"
"2014-12-24",0,25260,55079,72216.1905000904,1,452,"2014-04-15"
"2014-12-25",0,25705,55079,73150.362269274,1,452,"2014-04-15"
"2014-12-26",0,26389,55079,74588.8699355522,1,452,"2014-04-15"
"2014-12-27",0,25561,55079,72851.061573263,1,452,"2014-04-15"
"2014-12-28",0,25651,55079,73038.2385624919,1,452,"2014-04-15"
"2014-12-29",0,26656,55079,75150.5498695546,1,452,"2014-04-15"
"2014-12-30",0,27130,55079,76158.3720461898,1,452,"2014-04-15"
"2014-12-31",0,27830,55079,77632.7933455352,1,452,"2014-04-15"
