"2014-01-01",22360,0,19354.8,7543.51010172287,-0.662633716380909,527,"2014-04-15"
"2014-01-02",27000,0,19354.8,7538.38580405232,-0.72080052577584,527,"2014-04-15"
"2014-01-03",24511,0,19354.8,7545.25540280048,-0.692168601737976,527,"2014-04-15"
"2014-01-04",23641,0,19354.8,7538.29815609505,-0.681134547773146,527,"2014-04-15"
"2014-01-05",23173,0,19354.8,7540.52932205502,-0.67459848435442,527,"2014-04-15"
"2014-01-06",21478,0,19354.8,7539.01831686622,-0.648988811022152,527,"2014-04-15"
"2014-01-07",21451,0,19354.8,7539.51262319352,-0.648523955843852,527,"2014-04-15"
"2014-01-08",20630,0,19354.8,7543.47077711377,-0.634344606053622,527,"2014-04-15"
"2014-01-09",20196,0,19354.8,7536.37407444077,-0.626838281122957,527,"2014-04-15"
"2014-01-10",20336,0,19354.8,7535.67337954076,-0.629441710290088,527,"2014-04-15"
"2014-01-11",20640,0,19354.8,7544.11070194686,-0.63449076056459,527,"2014-04-15"
"2014-01-12",21158,0,19354.8,7537.14030333221,-0.643768772883438,527,"2014-04-15"
"2014-01-13",20167,0,19354.8,7538.72092002895,-0.62618530668771,527,"2014-04-15"
"2014-01-14",19590,0,19354.8,7536.18939664107,-0.615304267654871,527,"2014-04-15"
"2014-01-15",19637,0,19354.8,7537.19712419793,-0.616173696379389,527,"2014-04-15"
"2014-01-16",20490,0,19354.8,7544.96670205504,-0.631773220983161,527,"2014-04-15"
"2014-01-17",21031,0,19354.8,7536.28431507045,-0.64165829893631,527,"2014-04-15"
"2014-01-18",21332,0,19354.8,7537.97227262178,-0.646635464437381,527,"2014-04-15"
"2014-01-19",22065,0,19354.8,7538.76762648704,-0.658338199570041,527,"2014-04-15"
"2014-01-20",22620,0,19354.8,7541.59285557115,-0.66659624864849,527,"2014-04-15"
"2014-01-21",22522,0,19354.8,7544.97846090825,-0.664995184223948,527,"2014-04-15"
"2014-01-22",22173,0,19354.8,7544.84177489424,-0.659728418576907,527,"2014-04-15"
"2014-01-23",23387,0,19354.8,7545.23202921854,-0.677374950647003,527,"2014-04-15"
"2014-01-24",24182,0,19354.8,7540.89587759119,-0.68816078580799,527,"2014-04-15"
"2014-01-25",24746,0,19354.8,7542.32897480842,-0.695210176399886,527,"2014-04-15"
"2014-01-26",25198,0,19354.8,7541.85179257657,-0.700696412708287,527,"2014-04-15"
"2014-01-27",25587,0,19354.8,7537.32801549494,-0.705423534783486,527,"2014-04-15"
"2014-01-28",26342,0,19354.8,7535.6904280268,-0.713928690758986,527,"2014-04-15"
"2014-01-29",26622,0,19354.8,7537.35229600113,-0.71687505461644,527,"2014-04-15"
"2014-01-30",26240,0,19354.8,7541.50644326242,-0.712595028839085,527,"2014-04-15"
"2014-01-31",25034,0,19354.8,7544.35272074895,-0.698635746554728,527,"2014-04-15"
"2014-02-01",23963,0,21428.6,8343.44785747064,-0.651819561095412,527,"2014-04-15"
"2014-02-02",23948,8103,21428.6,14843.9683582089,-0.380158328118888,527,"2014-04-15"
"2014-02-03",22731,11003,21428.6,17167.6197988377,-0.244748590082368,527,"2014-04-15"
"2014-02-04",22591,12286,21428.6,18194.660982837,-0.1946057729699,527,"2014-04-15"
"2014-02-05",22432,13267,21428.6,18981.5295883436,-0.153819116068847,527,"2014-04-15"
"2014-02-06",22609,14110,21428.6,19656.3465069721,-0.130596377240386,527,"2014-04-15"
"2014-02-07",22349,15666,21428.6,20905.8265087885,-0.0645744100949269,527,"2014-04-15"
"2014-02-08",22459,16761,21428.6,21775.9241299026,-0.0304143492629867,527,"2014-04-15"
"2014-02-09",22585,16477,21428.6,21550.2807960927,-0.0458144433875251,527,"2014-04-15"
"2014-02-10",22411,15116,21428.6,20464.766377664,-0.0868427835587873,527,"2014-04-15"
"2014-02-11",22232,13358,21428.6,19050.1797772573,-0.143118937690838,527,"2014-04-15"
"2014-02-12",22900,12804,21428.6,18605.4748971069,-0.187533847287908,527,"2014-04-15"
"2014-02-13",22917,12611,21428.6,18450.8602723917,-0.19488326253909,527,"2014-04-15"
"2014-02-14",22944,13601,21428.6,19246.7891839524,-0.161140638774738,527,"2014-04-15"
"2014-02-15",23776,14218,21428.6,19740.0771977842,-0.169747762542723,527,"2014-04-15"
"2014-02-16",23601,15119,21428.6,20464.3327100875,-0.132903999403099,527,"2014-04-15"
"2014-02-17",23373,16158,21428.6,21297.0908855675,-0.0888165453485853,527,"2014-04-15"
"2014-02-18",22523,16813,21428.6,21817.4661723919,-0.0313250378549985,527,"2014-04-15"
"2014-02-19",21742,15978,21428.6,21150.6899509042,-0.0271966722976617,527,"2014-04-15"
"2014-02-20",21397,15895,21428.6,21086.5772085679,-0.014507771717161,527,"2014-04-15"
"2014-02-21",22461,16132,21428.6,21272.8397273801,-0.0528988145060303,527,"2014-04-15"
"2014-02-22",23213,15916,21428.6,21103.9612604347,-0.0908559315713326,527,"2014-04-15"
"2014-02-23",23671,16281,21428.6,21392.8809269933,-0.0962409308016836,527,"2014-04-15"
"2014-02-24",22850,17557,21428.6,22413.5656368175,-0.0190999721305231,527,"2014-04-15"
"2014-02-25",22306,17514,21428.6,22385.1080797832,0.00354649331046542,527,"2014-04-15"
"2014-02-26",21849,17279,21428.6,22195.6183582125,0.0158642664750099,527,"2014-04-15"
"2014-02-27",22035,16737,21428.6,21759.8905293988,-0.0124851132562391,527,"2014-04-15"
"2014-02-28",22805,17195,21428.6,22127.3836798457,-0.0297134979238902,527,"2014-04-15"
"2014-03-01",24842,22814,19354.8,25820.8474433602,0.039402924215451,527,"2014-04-15"
"2014-03-02",26194,18857,19354.8,22651.9260897398,-0.135224628169053,527,"2014-04-15"
"2014-03-03",23495,18838,19354.8,22636.5748208427,-0.0365365047523873,527,"2014-04-15"
"2014-03-04",22731,18365,19354.8,22258.7421188098,-0.020775939518287,527,"2014-04-15"
"2014-03-05",21695,17348,19354.8,21442.2347616077,-0.0116508521960059,527,"2014-04-15"
"2014-03-06",21422,16738,19354.8,20957.1260251227,-0.0217007737315499,527,"2014-04-15"
"2014-03-07",21304,16262,19354.8,20569.6779497622,-0.0344687406232548,527,"2014-04-15"
"2014-03-08",22552,16000,19354.8,20362.7355616572,-0.0970762876171856,527,"2014-04-15"
"2014-03-09",22671,16764,19354.8,20972.9622243922,-0.0748991123288696,527,"2014-04-15"
"2014-03-10",21243,17085,19354.8,21230.8003397694,-0.000574290836068969,527,"2014-04-15"
"2014-03-11",21010,16460,19354.8,20729.7958461083,-0.0133367041357312,527,"2014-04-15"
"2014-03-12",20989,15971,19354.8,20334.4465736037,-0.031185546066809,527,"2014-04-15"
"2014-03-13",19725,14967,19354.8,19534.7756088905,-0.00964382210947889,527,"2014-04-15"
"2014-03-14",19685,14506,19354.8,19162.0222070577,-0.0265673250161204,527,"2014-04-15"
"2014-03-15",20935,14542,19354.8,19190.173280515,-0.0833449591347025,527,"2014-04-15"
"2014-03-16",21384,15322,19354.8,19818.6104875367,-0.0732037744324386,527,"2014-04-15"
"2014-03-17",20008,16211,19354.8,20531.7019046139,0.0261746253805413,527,"2014-04-15"
"2014-03-18",19649,15582,19354.8,20022.4583875936,0.0190064831591241,527,"2014-04-15"
"2014-03-19",19497,15226,19354.8,19737.4641698876,0.0123333933367982,527,"2014-04-15"
"2014-03-20",19074,14185,19354.8,18911.7265323995,-0.00850757405895697,527,"2014-04-15"
"2014-03-21",18942,13877,19354.8,18660.7297925154,-0.0148490237295222,527,"2014-04-15"
"2014-03-22",19988,13930,19354.8,18706.6057315176,-0.0641081783311201,527,"2014-04-15"
"2014-03-23",20132,14494,19354.8,19159.7172541458,-0.04829538773367,527,"2014-04-15"
"2014-03-24",19131,14687,19354.8,19307.3525482947,0.00921815630624301,527,"2014-04-15"
"2014-03-25",18578,14508,19354.8,19169.3009968667,0.0318280222234204,527,"2014-04-15"
"2014-03-26",17657,13660,19354.8,18484.6957369662,0.0468763514167838,527,"2014-04-15"
"2014-03-27",17895,13253,19354.8,18157.0212227083,0.0146421471197717,527,"2014-04-15"
"2014-03-28",18318,13337,19354.8,18231.7406465227,-0.00470899407562764,527,"2014-04-15"
"2014-03-29",0,13057,19354.8,17999.7248331186,1,527,"2014-04-15"
"2014-03-30",0,13485,19354.8,18347.2229493021,1,527,"2014-04-15"
"2014-03-31",0,13878,19354.8,18658.558483404,1,527,"2014-04-15"
"2014-04-01",0,16610,20000,21103.0062005882,1,527,"2014-04-15"
"2014-04-02",0,15958,20000,20580.8388852155,1,527,"2014-04-15"
"2014-04-03",0,15627,20000,20314.6439437446,1,527,"2014-04-15"
"2014-04-04",0,16719,20000,21187.862799747,1,527,"2014-04-15"
"2014-04-05",0,17715,20000,21988.2831622789,1,527,"2014-04-15"
"2014-04-06",0,15839,20000,20484.9274848583,1,527,"2014-04-15"
"2014-04-07",0,14946,20000,19766.1232892878,1,527,"2014-04-15"
"2014-04-08",0,15009,20000,19821.5815054657,1,527,"2014-04-15"
"2014-04-09",0,14738,20000,19600.856886197,1,527,"2014-04-15"
"2014-04-10",0,14105,20000,19090.4191711061,1,527,"2014-04-15"
"2014-04-11",0,14062,20000,19055.1822184692,1,527,"2014-04-15"
"2014-04-12",0,13920,20000,18944.968048675,1,527,"2014-04-15"
"2014-04-13",0,14748,20000,19608.6282925527,1,527,"2014-04-15"
"2014-04-14",0,15061,20000,19859.0231823768,1,527,"2014-04-15"
"2014-04-15",0,14948,20000,19773.6303913754,1,527,"2014-04-15"
"2014-04-16",0,14689,20000,19562.5004530078,1,527,"2014-04-15"
"2014-04-17",0,14686,20000,19563.2229569373,1,527,"2014-04-15"
"2014-04-18",0,14396,20000,19326.3146495367,1,527,"2014-04-15"
"2014-04-19",0,14704,20000,19571.0438310659,1,527,"2014-04-15"
"2014-04-20",0,15340,20000,20080.7049527188,1,527,"2014-04-15"
"2014-04-21",0,15612,20000,20305.53326929,1,527,"2014-04-15"
"2014-04-22",0,15308,20000,20060.840956111,1,527,"2014-04-15"
"2014-04-23",0,14769,20000,19624.760981806,1,527,"2014-04-15"
"2014-04-24",0,14087,20000,19083.1863361443,1,527,"2014-04-15"
"2014-04-25",0,14098,20000,19091.426330675,1,527,"2014-04-15"
"2014-04-26",0,13855,20000,18891.8404575858,1,527,"2014-04-15"
"2014-04-27",0,13832,20000,18875.6872056161,1,527,"2014-04-15"
"2014-04-28",0,14679,20000,19552.0738509373,1,527,"2014-04-15"
"2014-04-29",0,16829,20000,21279.1095670295,1,527,"2014-04-15"
"2014-04-30",0,19477,20000,23399.9328308833,1,527,"2014-04-15"
"2014-05-01",0,25758,19354.8,28184.0360240417,1,527,"2014-04-15"
"2014-05-02",0,30823,19354.8,32244.167924555,1,527,"2014-04-15"
"2014-05-03",0,27238,19354.8,29371.1014975213,1,527,"2014-04-15"
"2014-05-04",0,24424,19354.8,27109.3666942347,1,527,"2014-04-15"
"2014-05-05",0,23308,19354.8,26215.1088263973,1,527,"2014-04-15"
"2014-05-06",0,21596,19354.8,24846.7942899835,1,527,"2014-04-15"
"2014-05-07",0,20519,19354.8,23983.9525816064,1,527,"2014-04-15"
"2014-05-08",0,20289,19354.8,23796.8276234845,1,527,"2014-04-15"
"2014-05-09",0,19754,19354.8,23373.8368786576,1,527,"2014-04-15"
"2014-05-10",0,19003,19354.8,22766.2427490326,1,527,"2014-04-15"
"2014-05-11",0,19064,19354.8,22812.6132010079,1,527,"2014-04-15"
"2014-05-12",0,19969,19354.8,23543.7610402553,1,527,"2014-04-15"
"2014-05-13",0,18673,19354.8,22504.6430933803,1,527,"2014-04-15"
"2014-05-14",0,18205,19354.8,22132.8272925331,1,527,"2014-04-15"
"2014-05-15",0,18152,19354.8,22088.953052484,1,527,"2014-04-15"
"2014-05-16",0,18154,19354.8,22085.1452978008,1,527,"2014-04-15"
"2014-05-17",0,18974,19354.8,22740.1831071021,1,527,"2014-04-15"
"2014-05-18",0,20659,19354.8,24096.2906224425,1,527,"2014-04-15"
"2014-05-19",0,20962,19354.8,24338.7554970083,1,527,"2014-04-15"
"2014-05-20",0,20140,19354.8,23680.1834816844,1,527,"2014-04-15"
"2014-05-21",0,19284,19354.8,22994.428233191,1,527,"2014-04-15"
"2014-05-22",0,18942,19354.8,22716.8760726408,1,527,"2014-04-15"
"2014-05-23",0,18895,19354.8,22684.9133240507,1,527,"2014-04-15"
"2014-05-24",0,18873,19354.8,22665.5361486612,1,527,"2014-04-15"
"2014-05-25",0,19652,19354.8,23287.6534609419,1,527,"2014-04-15"
"2014-05-26",0,20079,19354.8,23629.8167511586,1,527,"2014-04-15"
"2014-05-27",0,18845,19354.8,22646.2075018082,1,527,"2014-04-15"
"2014-05-28",0,18573,19354.8,22420.1249088133,1,527,"2014-04-15"
"2014-05-29",0,18304,19354.8,22208.0634922747,1,527,"2014-04-15"
"2014-05-30",0,18146,19354.8,22084.6648457077,1,527,"2014-04-15"
"2014-05-31",0,18417,19354.8,22294.5214529001,1,527,"2014-04-15"
"2014-06-01",0,22394,20000,25735.197230027,1,527,"2014-04-15"
"2014-06-02",0,23682,20000,26769.8373647694,1,527,"2014-04-15"
"2014-06-03",0,21393,20000,24931.7479872827,1,527,"2014-04-15"
"2014-06-04",0,20985,20000,24612.1772400024,1,527,"2014-04-15"
"2014-06-05",0,20585,20000,24282.7629888653,1,527,"2014-04-15"
"2014-06-06",0,20694,20000,24373.3676633524,1,527,"2014-04-15"
"2014-06-07",0,20362,20000,24111.0149020485,1,527,"2014-04-15"
"2014-06-08",0,19953,20000,23783.0829276267,1,527,"2014-04-15"
"2014-06-09",0,21289,20000,24853.0106608505,1,527,"2014-04-15"
"2014-06-10",0,22079,20000,25482.1438870512,1,527,"2014-04-15"
"2014-06-11",0,23137,20000,26330.9156321525,1,527,"2014-04-15"
"2014-06-12",0,24617,20000,27519.069755903,1,527,"2014-04-15"
"2014-06-13",0,23639,20000,26733.964085087,1,527,"2014-04-15"
"2014-06-14",0,22666,20000,25959.3799850191,1,527,"2014-04-15"
"2014-06-15",0,22290,20000,25657.4550588999,1,527,"2014-04-15"
"2014-06-16",0,22455,20000,25790.0921314351,1,527,"2014-04-15"
"2014-06-17",0,22193,20000,25571.3062094323,1,527,"2014-04-15"
"2014-06-18",0,21494,20000,25014.2931726884,1,527,"2014-04-15"
"2014-06-19",0,21063,20000,24671.2629410815,1,527,"2014-04-15"
"2014-06-20",0,21304,20000,24865.018047299,1,527,"2014-04-15"
"2014-06-21",0,21738,20000,25212.9134380402,1,527,"2014-04-15"
"2014-06-22",0,22557,20000,25869.4273236667,1,527,"2014-04-15"
"2014-06-23",0,23103,20000,26301.4677785053,1,527,"2014-04-15"
"2014-06-24",0,22382,20000,25726.6595772864,1,527,"2014-04-15"
"2014-06-25",0,22327,20000,25688.2259707522,1,527,"2014-04-15"
"2014-06-26",0,21826,20000,25285.7569464083,1,527,"2014-04-15"
"2014-06-27",0,21518,20000,25037.3421811601,1,527,"2014-04-15"
"2014-06-28",0,21640,20000,25132.64800174,1,527,"2014-04-15"
"2014-06-29",0,22410,20000,25747.6553087542,1,527,"2014-04-15"
"2014-06-30",0,23612,20000,26714.2109633085,1,527,"2014-04-15"
"2014-07-01",0,27373,22580.6,30736.2141581505,1,527,"2014-04-15"
"2014-07-02",0,27486,22580.6,30823.2709857528,1,527,"2014-04-15"
"2014-07-03",0,25654,22580.6,29355.0925072166,1,527,"2014-04-15"
"2014-07-04",0,25071,22580.6,28889.9201876031,1,527,"2014-04-15"
"2014-07-05",0,24271,22580.6,28243.1205086934,1,527,"2014-04-15"
"2014-07-06",0,24681,22580.6,28575.0466332786,1,527,"2014-04-15"
"2014-07-07",0,25172,22580.6,28963.2164209395,1,527,"2014-04-15"
"2014-07-08",0,25012,22580.6,28838.6988882383,1,527,"2014-04-15"
"2014-07-09",0,24726,22580.6,28607.9104068823,1,527,"2014-04-15"
"2014-07-10",0,23897,22580.6,27942.8931346071,1,527,"2014-04-15"
"2014-07-11",0,23484,22580.6,27610.3665008762,1,527,"2014-04-15"
"2014-07-12",0,23830,22580.6,27895.2726782865,1,527,"2014-04-15"
"2014-07-13",0,24071,22580.6,28090.3369422746,1,527,"2014-04-15"
"2014-07-14",0,24562,22580.6,28482.376878217,1,527,"2014-04-15"
"2014-07-15",0,24385,22580.6,28332.3654022062,1,527,"2014-04-15"
"2014-07-16",0,24330,22580.6,28293.9645982663,1,527,"2014-04-15"
"2014-07-17",0,23853,22580.6,27911.1332443139,1,527,"2014-04-15"
"2014-07-18",0,24242,22580.6,28226.7740671613,1,527,"2014-04-15"
"2014-07-19",0,23838,22580.6,27897.7350456454,1,527,"2014-04-15"
"2014-07-20",0,24135,22580.6,28132.9526060392,1,527,"2014-04-15"
"2014-07-21",0,24890,22580.6,28746.6641428242,1,527,"2014-04-15"
"2014-07-22",0,25121,22580.6,28929.4898179085,1,527,"2014-04-15"
"2014-07-23",0,24120,22580.6,28125.8800054084,1,527,"2014-04-15"
"2014-07-24",0,23642,22580.6,27736.9981339023,1,527,"2014-04-15"
"2014-07-25",0,23193,22580.6,27380.4157304098,1,527,"2014-04-15"
"2014-07-26",0,23086,22580.6,27291.3920405767,1,527,"2014-04-15"
"2014-07-27",0,22943,22580.6,27185.345041813,1,527,"2014-04-15"
"2014-07-28",0,23396,22580.6,27549.178759649,1,527,"2014-04-15"
"2014-07-29",0,23195,22580.6,27387.982114539,1,527,"2014-04-15"
"2014-07-30",0,23053,22580.6,27270.692610344,1,527,"2014-04-15"
"2014-07-31",0,22879,22580.6,27130.7790955497,1,527,"2014-04-15"
"2014-08-01",0,26381,22580.6,29937.6291812305,1,527,"2014-04-15"
"2014-08-02",0,27195,22580.6,30588.4833538882,1,527,"2014-04-15"
"2014-08-03",0,26095,22580.6,29707.2912683669,1,527,"2014-04-15"
"2014-08-04",0,25768,22580.6,29448.9927827968,1,527,"2014-04-15"
"2014-08-05",0,24851,22580.6,28714.0570651898,1,527,"2014-04-15"
"2014-08-06",0,24633,22580.6,28536.4721802749,1,527,"2014-04-15"
"2014-08-07",0,24048,22580.6,28065.5275571594,1,527,"2014-04-15"
"2014-08-08",0,23321,22580.6,27489.0381190637,1,527,"2014-04-15"
"2014-08-09",0,23225,22580.6,27410.7276510359,1,527,"2014-04-15"
"2014-08-10",0,22896,22580.6,27140.7473506773,1,527,"2014-04-15"
"2014-08-11",0,23551,22580.6,27670.7381572632,1,527,"2014-04-15"
"2014-08-12",0,23449,22580.6,27590.3099408788,1,527,"2014-04-15"
"2014-08-13",0,23017,22580.6,27237.0138186123,1,527,"2014-04-15"
"2014-08-14",0,23455,22580.6,27589.6738997546,1,527,"2014-04-15"
"2014-08-15",0,22738,22580.6,27020.7112763593,1,527,"2014-04-15"
"2014-08-16",0,23093,22580.6,27300.4302920265,1,527,"2014-04-15"
"2014-08-17",0,23368,22580.6,27517.1641779088,1,527,"2014-04-15"
"2014-08-18",0,23396,22580.6,27546.0597162485,1,527,"2014-04-15"
"2014-08-19",0,23277,22580.6,27452.8248073655,1,527,"2014-04-15"
"2014-08-20",0,22663,22580.6,26959.26625102,1,527,"2014-04-15"
"2014-08-21",0,22506,22580.6,26835.6256678884,1,527,"2014-04-15"
"2014-08-22",0,22340,22580.6,26699.5296209459,1,527,"2014-04-15"
"2014-08-23",0,22147,22580.6,26541.0544844974,1,527,"2014-04-15"
"2014-08-24",0,22264,22580.6,26636.7717182181,1,527,"2014-04-15"
"2014-08-25",0,22468,22580.6,26802.471099209,1,527,"2014-04-15"
"2014-08-26",0,21851,22580.6,26311.0054037397,1,527,"2014-04-15"
"2014-08-27",0,21743,22580.6,26214.9773428663,1,527,"2014-04-15"
"2014-08-28",0,21835,22580.6,26290.6066683534,1,527,"2014-04-15"
"2014-08-29",0,21455,22580.6,25992.9077267856,1,527,"2014-04-15"
"2014-08-30",0,21289,22580.6,25857.0456082599,1,527,"2014-04-15"
"2014-08-31",0,21733,22580.6,26216.5234767321,1,527,"2014-04-15"
"2014-09-01",0,25069,23333.3,29175.3403798687,1,527,"2014-04-15"
"2014-09-02",0,25495,23333.3,29518.4131302638,1,527,"2014-04-15"
"2014-09-03",0,24468,23333.3,28697.2359257312,1,527,"2014-04-15"
"2014-09-04",0,24304,23333.3,28568.5356235745,1,527,"2014-04-15"
"2014-09-05",0,23299,23333.3,27758.2217347394,1,527,"2014-04-15"
"2014-09-06",0,22902,23333.3,27443.4665441684,1,527,"2014-04-15"
"2014-09-07",0,23456,23333.3,27884.3287978626,1,527,"2014-04-15"
"2014-09-08",0,24449,23333.3,28684.6418507878,1,527,"2014-04-15"
"2014-09-09",0,23191,23333.3,27668.6105478445,1,527,"2014-04-15"
"2014-09-10",0,22600,23333.3,27200.9672568416,1,527,"2014-04-15"
"2014-09-11",0,21051,23333.3,25958.9649253255,1,527,"2014-04-15"
"2014-09-12",0,21186,23333.3,26062.9338951632,1,527,"2014-04-15"
"2014-09-13",0,20676,23333.3,25654.6510122907,1,527,"2014-04-15"
"2014-09-14",0,21436,23333.3,26264.8754846066,1,527,"2014-04-15"
"2014-09-15",0,21341,23333.3,26193.3615674615,1,527,"2014-04-15"
"2014-09-16",0,20525,23333.3,25532.9420296187,1,527,"2014-04-15"
"2014-09-17",0,20316,23333.3,25372.3092241298,1,527,"2014-04-15"
"2014-09-18",0,20379,23333.3,25423.7315693208,1,527,"2014-04-15"
"2014-09-19",0,23420,23333.3,27858.2186353217,1,527,"2014-04-15"
"2014-09-20",0,24793,23333.3,28958.0693883583,1,527,"2014-04-15"
"2014-09-21",0,23723,23333.3,28101.9357888106,1,527,"2014-04-15"
"2014-09-22",0,21664,23333.3,26449.9507860634,1,527,"2014-04-15"
"2014-09-23",0,21218,23333.3,26095.8757802062,1,527,"2014-04-15"
"2014-09-24",0,19484,23333.3,24700.2463713866,1,527,"2014-04-15"
"2014-09-25",0,18519,23333.3,23927.5977505958,1,527,"2014-04-15"
"2014-09-26",0,18043,23333.3,23552.3321477115,1,527,"2014-04-15"
"2014-09-27",0,18050,23333.3,23554.3662778661,1,527,"2014-04-15"
"2014-09-28",0,18542,23333.3,23947.0639981297,1,527,"2014-04-15"
"2014-09-29",0,18778,23333.3,24135.057018117,1,527,"2014-04-15"
"2014-09-30",0,20563,23333.3,25568.1459980124,1,527,"2014-04-15"
"2014-10-01",0,25398,22580.6,29147.6748208459,1,527,"2014-04-15"
"2014-10-02",0,32251,22580.6,34639.626790501,1,527,"2014-04-15"
"2014-10-03",0,30652,22580.6,33354.321884651,1,527,"2014-04-15"
"2014-10-04",0,28309,22580.6,31478.2006769879,1,527,"2014-04-15"
"2014-10-05",0,26561,22580.6,30076.7648268078,1,527,"2014-04-15"
"2014-10-06",0,25808,22580.6,29473.8639385526,1,527,"2014-04-15"
"2014-10-07",0,25106,22580.6,28911.2073628034,1,527,"2014-04-15"
"2014-10-08",0,24099,22580.6,28112.3720495821,1,527,"2014-04-15"
"2014-10-09",0,22822,22580.6,27086.295797648,1,527,"2014-04-15"
"2014-10-10",0,21804,22580.6,26268.0591437748,1,527,"2014-04-15"
"2014-10-11",0,21486,22580.6,26017.677788057,1,527,"2014-04-15"
"2014-10-12",0,21375,22580.6,25922.4718803167,1,527,"2014-04-15"
"2014-10-13",0,22365,22580.6,26721.2631714889,1,527,"2014-04-15"
"2014-10-14",0,21704,22580.6,26184.3671346838,1,527,"2014-04-15"
"2014-10-15",0,20356,22580.6,25111.5988788308,1,527,"2014-04-15"
"2014-10-16",0,19701,22580.6,24585.4642320474,1,527,"2014-04-15"
"2014-10-17",0,19613,22580.6,24517.4076001682,1,527,"2014-04-15"
"2014-10-18",0,19849,22580.6,24704.5288498388,1,527,"2014-04-15"
"2014-10-19",0,20526,22580.6,25243.3283255156,1,527,"2014-04-15"
"2014-10-20",0,20402,22580.6,25149.5148759187,1,527,"2014-04-15"
"2014-10-21",0,19557,22580.6,24469.0644045606,1,527,"2014-04-15"
"2014-10-22",0,19076,22580.6,24083.8809092431,1,527,"2014-04-15"
"2014-10-23",0,18464,22580.6,23595.7302516669,1,527,"2014-04-15"
"2014-10-24",0,18229,22580.6,23400.5564846058,1,527,"2014-04-15"
"2014-10-25",0,17995,22580.6,23216.5978089383,1,527,"2014-04-15"
"2014-10-26",0,18677,22580.6,23767.494186383,1,527,"2014-04-15"
"2014-10-27",0,18967,22580.6,24000.1993949877,1,527,"2014-04-15"
"2014-10-28",0,18532,22580.6,23646.1282468684,1,527,"2014-04-15"
"2014-10-29",0,18274,22580.6,23437.9575939321,1,527,"2014-04-15"
"2014-10-30",0,18057,22580.6,23265.0299485673,1,527,"2014-04-15"
"2014-10-31",0,18272,22580.6,23434.111972912,1,527,"2014-04-15"
"2014-11-01",0,20366,2000,17105.9692478935,1,527,"2014-04-15"
"2014-11-02",0,21827,2000,18270.1488435769,1,527,"2014-04-15"
"2014-11-03",0,21016,2000,17620.2009084602,1,527,"2014-04-15"
"2014-11-04",0,19419,2000,16341.9413484881,1,527,"2014-04-15"
"2014-11-05",0,18769,2000,15824.2251474049,1,527,"2014-04-15"
"2014-11-06",0,18365,2000,15498.8989525931,1,527,"2014-04-15"
"2014-11-07",0,18048,2000,15249.9102426803,1,527,"2014-04-15"
"2014-11-08",0,18175,2000,15348.7539233855,1,527,"2014-04-15"
"2014-11-09",0,19471,2000,16383.2923632131,1,527,"2014-04-15"
"2014-11-10",0,19432,2000,16355.8266431417,1,527,"2014-04-15"
"2014-11-11",0,18627,2000,15709.5417651565,1,527,"2014-04-15"
"2014-11-12",0,18245,2000,15405.9815791857,1,527,"2014-04-15"
"2014-11-13",0,17917,2000,15142.00439629,1,527,"2014-04-15"
"2014-11-14",0,17756,2000,15011.4737926579,1,527,"2014-04-15"
"2014-11-15",0,17738,2000,15002.7042487656,1,527,"2014-04-15"
"2014-11-16",0,18688,2000,15756.0057441093,1,527,"2014-04-15"
"2014-11-17",0,19094,2000,16086.2497489412,1,527,"2014-04-15"
"2014-11-18",0,18140,2000,15320.6486308838,1,527,"2014-04-15"
"2014-11-19",0,17900,2000,15132.2734839057,1,527,"2014-04-15"
"2014-11-20",0,17467,2000,14780.8081765094,1,527,"2014-04-15"
"2014-11-21",0,17517,2000,14815.9148721103,1,527,"2014-04-15"
"2014-11-22",0,17848,2000,15087.8859783249,1,527,"2014-04-15"
"2014-11-23",0,18892,2000,15918.4237662729,1,527,"2014-04-15"
"2014-11-24",0,19076,2000,16074.7312510788,1,527,"2014-04-15"
"2014-11-25",0,17416,2000,14736.7366045094,1,527,"2014-04-15"
"2014-11-26",0,17013,2000,14419.5727416017,1,527,"2014-04-15"
"2014-11-27",0,16701,2000,14163.3766920164,1,527,"2014-04-15"
"2014-11-28",0,16080,2000,13674.2148168628,1,527,"2014-04-15"
"2014-11-29",0,16188,2000,13757.9502632268,1,527,"2014-04-15"
"2014-11-30",0,17775,2000,15031.7284734343,1,527,"2014-04-15"
"2014-12-01",0,20094,1935.48,16856.5178255951,1,527,"2014-04-15"
"2014-12-02",0,20176,1935.48,16930.0914920113,1,527,"2014-04-15"
"2014-12-03",0,19406,1935.48,16306.1654059705,1,527,"2014-04-15"
"2014-12-04",0,18708,1935.48,15746.1273329673,1,527,"2014-04-15"
"2014-12-05",0,18592,1935.48,15652.8948125149,1,527,"2014-04-15"
"2014-12-06",0,18443,1935.48,15536.2348748599,1,527,"2014-04-15"
"2014-12-07",0,19053,1935.48,16025.3853101457,1,527,"2014-04-15"
"2014-12-08",0,19305,1935.48,16228.7942121551,1,527,"2014-04-15"
"2014-12-09",0,18173,1935.48,15319.1080081914,1,527,"2014-04-15"
"2014-12-10",0,17332,1935.48,14647.0906673887,1,527,"2014-04-15"
"2014-12-11",0,17308,1935.48,14630.1657861332,1,527,"2014-04-15"
"2014-12-12",0,17318,1935.48,14632.1322949048,1,527,"2014-04-15"
"2014-12-13",0,17561,1935.48,14832.8232238472,1,527,"2014-04-15"
"2014-12-14",0,18188,1935.48,15335.3306053325,1,527,"2014-04-15"
"2014-12-15",0,19132,1935.48,16085.2743277437,1,527,"2014-04-15"
"2014-12-16",0,18054,1935.48,15227.1529639899,1,527,"2014-04-15"
"2014-12-17",0,17525,1935.48,14806.3998562486,1,527,"2014-04-15"
"2014-12-18",0,16855,1935.48,14261.8640556146,1,527,"2014-04-15"
"2014-12-19",0,16849,1935.48,14258.6759519134,1,527,"2014-04-15"
"2014-12-20",0,16705,1935.48,14146.5844543287,1,527,"2014-04-15"
"2014-12-21",0,17389,1935.48,14694.7292525944,1,527,"2014-04-15"
"2014-12-22",0,17506,1935.48,14788.5212307938,1,527,"2014-04-15"
"2014-12-23",0,16942,1935.48,14331.7093349999,1,527,"2014-04-15"
"2014-12-24",0,16704,1935.48,14148.2117873958,1,527,"2014-04-15"
"2014-12-25",0,16911,1935.48,14310.2729243789,1,527,"2014-04-15"
"2014-12-26",0,17387,1935.48,14694.2771937846,1,527,"2014-04-15"
"2014-12-27",0,17423,1935.48,14724.5360095868,1,527,"2014-04-15"
"2014-12-28",0,18127,1935.48,15280.7148192605,1,527,"2014-04-15"
"2014-12-29",0,18235,1935.48,15374.9451510854,1,527,"2014-04-15"
"2014-12-30",0,17897,1935.48,15098.7302901124,1,527,"2014-04-15"
"2014-12-31",0,18675,1935.48,15723.3698587192,1,527,"2014-04-15"
