"2014-01-01",22787,0,19354.8,19874.2855023292,-0.127823517693019,530,"2014-04-15"
"2014-01-02",23947,0,19354.8,19878.3946113011,-0.16990042129281,530,"2014-04-15"
"2014-01-03",23481,0,19354.8,19879.0371597257,-0.153399039234882,530,"2014-04-15"
"2014-01-04",23771,0,19354.8,19877.1006975162,-0.163808813364344,530,"2014-04-15"
"2014-01-05",23483,0,19354.8,19877.1819197598,-0.153550146073339,530,"2014-04-15"
"2014-01-06",22284,0,19354.8,19877.3176238059,-0.108000465634271,530,"2014-04-15"
"2014-01-07",21883,0,19354.8,19881.3925509855,-0.0914686034371196,530,"2014-04-15"
"2014-01-08",21259,0,19354.8,19877.3283839367,-0.0649923145991472,530,"2014-04-15"
"2014-01-09",20670,0,19354.8,19876.8001681405,-0.0383744475984273,530,"2014-04-15"
"2014-01-10",21132,0,19354.8,19874.4964118141,-0.0595070787519368,530,"2014-04-15"
"2014-01-11",22001,0,19354.8,19876.9274823416,-0.0965443624225445,530,"2014-04-15"
"2014-01-12",22438,0,19354.8,19882.8633777543,-0.113875417695236,530,"2014-04-15"
"2014-01-13",21284,0,19354.8,19882.9224124855,-0.0658277385601611,530,"2014-04-15"
"2014-01-14",20612,0,19354.8,19882.819329058,-0.0353765122715892,530,"2014-04-15"
"2014-01-15",20314,0,19354.8,19874.9886628196,-0.0216112699212583,530,"2014-04-15"
"2014-01-16",20983,0,19354.8,19876.2274304779,-0.0527461549598284,530,"2014-04-15"
"2014-01-17",21550,0,19354.8,19880.1189712437,-0.0774886788285994,530,"2014-04-15"
"2014-01-18",22298,0,19354.8,19882.0025390901,-0.108350410839983,530,"2014-04-15"
"2014-01-19",22187,0,19354.8,19877.853242981,-0.104076565422051,530,"2014-04-15"
"2014-01-20",22080,0,19354.8,19878.5086336105,-0.0997052249270602,530,"2014-04-15"
"2014-01-21",21249,0,19354.8,19882.5218036004,-0.064307882554453,530,"2014-04-15"
"2014-01-22",21419,0,19354.8,19876.6414383708,-0.0720088968499578,530,"2014-04-15"
"2014-01-23",22378,0,19354.8,19873.7555092063,-0.111906537259528,530,"2014-04-15"
"2014-01-24",22712,0,19354.8,19883.592406409,-0.12453362071112,530,"2014-04-15"
"2014-01-25",22358,0,19354.8,19882.9838437519,-0.110699353978357,530,"2014-04-15"
"2014-01-26",22745,0,19354.8,19878.8925281472,-0.126010440617843,530,"2014-04-15"
"2014-01-27",22321,0,19354.8,19874.8582921901,-0.109589252623535,530,"2014-04-15"
"2014-01-28",22290,0,19354.8,19878.0147361408,-0.108209298513199,530,"2014-04-15"
"2014-01-29",21995,0,19354.8,19882.2626315082,-0.0960553475104233,530,"2014-04-15"
"2014-01-30",21770,0,19354.8,19876.6421453983,-0.0869709625448666,530,"2014-04-15"
"2014-01-31",21916,0,19354.8,19874.1362512765,-0.0931677198723972,530,"2014-04-15"
"2014-02-01",22287,0,21428.6,22010.7436204404,-0.012395404476132,530,"2014-04-15"
"2014-02-02",23087,16129,21428.6,20688.1667611348,-0.103904068907403,530,"2014-04-15"
"2014-02-03",22657,18904,21428.6,20465.4455071615,-0.0967274790501161,530,"2014-04-15"
"2014-02-04",23096,20997,21428.6,20289.0658336417,-0.121533346309243,530,"2014-04-15"
"2014-02-05",23337,22274,21428.6,20189.1811739989,-0.134885324849001,530,"2014-04-15"
"2014-02-06",23589,23526,21428.6,20081.1718751771,-0.148706097114031,530,"2014-04-15"
"2014-02-07",23535,25584,21428.6,19915.9171239079,-0.153774500789977,530,"2014-04-15"
"2014-02-08",23656,26457,21428.6,19842.062203896,-0.161224966017246,530,"2014-04-15"
"2014-02-09",23626,26423,21428.6,19845.4995886254,-0.160014408337194,530,"2014-04-15"
"2014-02-10",23251,24464,21428.6,20009.2913991512,-0.139422330258863,530,"2014-04-15"
"2014-02-11",22579,22713,21428.6,20146.6413907913,-0.107726587059156,530,"2014-04-15"
"2014-02-12",22572,22359,21428.6,20183.7680182693,-0.105805067416741,530,"2014-04-15"
"2014-02-13",22210,22769,21428.6,20140.9884525039,-0.0931567558530447,530,"2014-04-15"
"2014-02-14",21918,24565,21428.6,20001.7615450334,-0.0874276145162252,530,"2014-04-15"
"2014-02-15",21640,25368,21428.6,19935.8572603326,-0.0787496644947958,530,"2014-04-15"
"2014-02-16",21921,27159,21428.6,19791.1796667554,-0.0971589039388977,530,"2014-04-15"
"2014-02-17",21021,28790,21428.6,19658.5488826264,-0.0648138108260117,530,"2014-04-15"
"2014-02-18",20136,29480,21428.6,19596.6298564229,-0.0267863599313202,530,"2014-04-15"
"2014-02-19",19357,28562,21428.6,19673.7184031173,0.0163619570758529,530,"2014-04-15"
"2014-02-20",18992,28557,21428.6,19667.8813820898,0.035587688610458,530,"2014-04-15"
"2014-02-21",19865,28140,21428.6,19706.3043025891,-0.00798870865396151,530,"2014-04-15"
"2014-02-22",21644,28199,21428.6,19702.8401594336,-0.0896858178047695,530,"2014-04-15"
"2014-02-23",22408,28567,21428.6,19669.0256316054,-0.122231987165055,530,"2014-04-15"
"2014-02-24",20597,29505,21428.6,19597.2449444139,-0.0485388675819852,530,"2014-04-15"
"2014-02-25",19607,29328,21428.6,19614.5967207135,0.000387449416712204,530,"2014-04-15"
"2014-02-26",19516,29249,21428.6,19614.33858484,0.00503886989341917,530,"2014-04-15"
"2014-02-27",19719,28776,21428.6,19657.2680694285,-0.0031305811943555,530,"2014-04-15"
"2014-02-28",20608,29175,21428.6,19622.3680051307,-0.0478276395025882,530,"2014-04-15"
"2014-03-01",23285,34724,19354.8,17039.2020830915,-0.268232678415654,530,"2014-04-15"
"2014-03-02",25158,35591,19354.8,16966.9264092936,-0.325585244880612,530,"2014-04-15"
"2014-03-03",21248,34314,19354.8,17071.2746509264,-0.196570281865286,530,"2014-04-15"
"2014-03-04",20233,33029,19354.8,17177.6501872536,-0.151008244587872,530,"2014-04-15"
"2014-03-05",19074,31655,19354.8,17288.2469350611,-0.0936223689283291,530,"2014-04-15"
"2014-03-06",18957,30810,19354.8,17360.8659532791,-0.0841976075708649,530,"2014-04-15"
"2014-03-07",19856,30662,19354.8,17369.5868820121,-0.125222256143631,530,"2014-04-15"
"2014-03-08",22347,31166,19354.8,17334.6888322161,-0.224294588436207,530,"2014-04-15"
"2014-03-09",22849,32868,19354.8,17191.6000957656,-0.247599453115427,530,"2014-04-15"
"2014-03-10",19834,33388,19354.8,17145.674684812,-0.13554125820248,530,"2014-04-15"
"2014-03-11",18798,32198,19354.8,17249.614814125,-0.0823696768738703,530,"2014-04-15"
"2014-03-12",18820,31169,19354.8,17329.0416557863,-0.0792220161643831,530,"2014-04-15"
"2014-03-13",18084,30091,19354.8,17418.1183533844,-0.036821590721942,530,"2014-04-15"
"2014-03-14",18635,29058,19354.8,17507.2866047463,-0.0605158784681368,530,"2014-04-15"
"2014-03-15",20503,29359,19354.8,17476.9216335252,-0.147591980026084,530,"2014-04-15"
"2014-03-16",21453,30935,19354.8,17345.7480849301,-0.191453499047681,530,"2014-04-15"
"2014-03-17",18983,32954,19354.8,17187.4791101359,-0.0945857288028269,530,"2014-04-15"
"2014-03-18",17987,30713,19354.8,17368.9654165908,-0.034360070240129,530,"2014-04-15"
"2014-03-19",17391,29069,19354.8,17506.1197256185,0.00661950006431522,530,"2014-04-15"
"2014-03-20",17515,28191,19354.8,17574.0345613734,0.00337051449462922,530,"2014-04-15"
"2014-03-21",18153,27746,19354.8,17606.9570597771,-0.030080038573397,530,"2014-04-15"
"2014-03-22",19710,28466,19354.8,17548.7178176081,-0.109654093474984,530,"2014-04-15"
"2014-03-23",20599,29383,19354.8,17472.726175315,-0.151768232665908,530,"2014-04-15"
"2014-03-24",18073,29928,19354.8,17432.0320907433,-0.0354654960026938,530,"2014-04-15"
"2014-03-25",17033,28021,19354.8,17585.2005523456,0.0324194535516722,530,"2014-04-15"
"2014-03-26",16704,26496,19354.8,17707.8433801378,0.0600959877956062,530,"2014-04-15"
"2014-03-27",16512,25779,19354.8,17773.9316249549,0.0764251226353481,530,"2014-04-15"
"2014-03-28",17784,25357,19354.8,17807.7870954371,0.00133755597374785,530,"2014-04-15"
"2014-03-29",0,25395,19354.8,17801.8419155143,1,530,"2014-04-15"
"2014-03-30",0,26414,19354.8,17716.3768134704,1,530,"2014-04-15"
"2014-03-31",0,26273,19354.8,17731.8073602359,1,530,"2014-04-15"
"2014-04-01",0,30946,20000,18008.9682271223,1,530,"2014-04-15"
"2014-04-02",0,32269,20000,17899.473586957,1,530,"2014-04-15"
"2014-04-03",0,30901,20000,18010.6601029756,1,530,"2014-04-15"
"2014-04-04",0,33417,20000,17810.7368056786,1,530,"2014-04-15"
"2014-04-05",0,34902,20000,17690.7225915754,1,530,"2014-04-15"
"2014-04-06",0,31317,20000,17981.9676973441,1,530,"2014-04-15"
"2014-04-07",0,29464,20000,18136.5126840936,1,530,"2014-04-15"
"2014-04-08",0,28870,20000,18176.9142284982,1,530,"2014-04-15"
"2014-04-09",0,28251,20000,18234.3055279406,1,530,"2014-04-15"
"2014-04-10",0,27425,20000,18299.0857769357,1,530,"2014-04-15"
"2014-04-11",0,27259,20000,18311.7493343539,1,530,"2014-04-15"
"2014-04-12",0,27794,20000,18269.0039973929,1,530,"2014-04-15"
"2014-04-13",0,28773,20000,18187.584440472,1,530,"2014-04-15"
"2014-04-14",0,29644,20000,18117.577347715,1,530,"2014-04-15"
"2014-04-15",0,28136,20000,18242.1358112896,1,530,"2014-04-15"
"2014-04-16",0,27656,20000,18283.8286274282,1,530,"2014-04-15"
"2014-04-17",0,28254,20000,18227.5622752906,1,530,"2014-04-15"
"2014-04-18",0,27806,20000,18263.0427723572,1,530,"2014-04-15"
"2014-04-19",0,28457,20000,18216.1964842251,1,530,"2014-04-15"
"2014-04-20",0,29296,20000,18143.8721768195,1,530,"2014-04-15"
"2014-04-21",0,30621,20000,18034.7334566332,1,530,"2014-04-15"
"2014-04-22",0,29648,20000,18114.8474506092,1,530,"2014-04-15"
"2014-04-23",0,27915,20000,18259.7931620531,1,530,"2014-04-15"
"2014-04-24",0,27233,20000,18311.2267027853,1,530,"2014-04-15"
"2014-04-25",0,26837,20000,18346.4633211963,1,530,"2014-04-15"
"2014-04-26",0,26581,20000,18365.4670576196,1,530,"2014-04-15"
"2014-04-27",0,26673,20000,18361.2408887371,1,530,"2014-04-15"
"2014-04-28",0,27988,20000,18253.2412142838,1,530,"2014-04-15"
"2014-04-29",0,30593,20000,18036.7566980449,1,530,"2014-04-15"
"2014-04-30",0,33049,20000,17843.1411975842,1,530,"2014-04-15"
"2014-05-01",0,39207,19354.8,16667.8381446404,1,530,"2014-04-15"
"2014-05-02",0,46322,19354.8,16090.3952521201,1,530,"2014-04-15"
"2014-05-03",0,40906,19354.8,16530.6533488123,1,530,"2014-04-15"
"2014-05-04",0,38286,19354.8,16744.6348887661,1,530,"2014-04-15"
"2014-05-05",0,38072,19354.8,16768.4263160877,1,530,"2014-04-15"
"2014-05-06",0,36207,19354.8,16916.6839287581,1,530,"2014-04-15"
"2014-05-07",0,35268,19354.8,16992.3733104573,1,530,"2014-04-15"
"2014-05-08",0,34850,19354.8,17029.5115083686,1,530,"2014-04-15"
"2014-05-09",0,34168,19354.8,17084.4524044802,1,530,"2014-04-15"
"2014-05-10",0,34507,19354.8,17053.9645900776,1,530,"2014-04-15"
"2014-05-11",0,34616,19354.8,17049.0994775072,1,530,"2014-04-15"
"2014-05-12",0,36689,19354.8,16876.4016305612,1,530,"2014-04-15"
"2014-05-13",0,34937,19354.8,17025.526351517,1,530,"2014-04-15"
"2014-05-14",0,33440,19354.8,17145.6787103421,1,530,"2014-04-15"
"2014-05-15",0,32707,19354.8,17205.0318801857,1,530,"2014-04-15"
"2014-05-16",0,33515,19354.8,17133.2195609314,1,530,"2014-04-15"
"2014-05-17",0,35631,19354.8,16965.8768568344,1,530,"2014-04-15"
"2014-05-18",0,35998,19354.8,16929.8055358244,1,530,"2014-04-15"
"2014-05-19",0,37114,19354.8,16842.5371958755,1,530,"2014-04-15"
"2014-05-20",0,35639,19354.8,16965.4306878674,1,530,"2014-04-15"
"2014-05-21",0,34072,19354.8,17094.0616858773,1,530,"2014-04-15"
"2014-05-22",0,33563,19354.8,17136.2549795044,1,530,"2014-04-15"
"2014-05-23",0,33098,19354.8,17172.1488104083,1,530,"2014-04-15"
"2014-05-24",0,33448,19354.8,17140.6028174379,1,530,"2014-04-15"
"2014-05-25",0,34852,19354.8,17031.0696326984,1,530,"2014-04-15"
"2014-05-26",0,36709,19354.8,16877.309963819,1,530,"2014-04-15"
"2014-05-27",0,34259,19354.8,17075.8593221296,1,530,"2014-04-15"
"2014-05-28",0,32843,19354.8,17194.4440647956,1,530,"2014-04-15"
"2014-05-29",0,31760,19354.8,17280.881924452,1,530,"2014-04-15"
"2014-05-30",0,31936,19354.8,17266.9216875836,1,530,"2014-04-15"
"2014-05-31",0,32191,19354.8,17241.4242833539,1,530,"2014-04-15"
"2014-06-01",0,38098,20000,17425.7016499093,1,530,"2014-04-15"
"2014-06-02",0,42848,20000,17041.9514621446,1,530,"2014-04-15"
"2014-06-03",0,39919,20000,17273.5973997646,1,530,"2014-04-15"
"2014-06-04",0,37760,20000,17454.3131821321,1,530,"2014-04-15"
"2014-06-05",0,37093,20000,17505.9992016011,1,530,"2014-04-15"
"2014-06-06",0,37920,20000,17440.1453116811,1,530,"2014-04-15"
"2014-06-07",0,37672,20000,17460.3194754725,1,530,"2014-04-15"
"2014-06-08",0,36664,20000,17537.8659474482,1,530,"2014-04-15"
"2014-06-09",0,37153,20000,17507.7175233832,1,530,"2014-04-15"
"2014-06-10",0,38271,20000,17415.6368261575,1,530,"2014-04-15"
"2014-06-11",0,38446,20000,17395.8080365918,1,530,"2014-04-15"
"2014-06-12",0,39669,20000,17292.3520122627,1,530,"2014-04-15"
"2014-06-13",0,38422,20000,17397.2334750999,1,530,"2014-04-15"
"2014-06-14",0,37389,20000,17485.2458682659,1,530,"2014-04-15"
"2014-06-15",0,36852,20000,17531.1172613258,1,530,"2014-04-15"
"2014-06-16",0,37264,20000,17490.561752465,1,530,"2014-04-15"
"2014-06-17",0,35988,20000,17599.0592274264,1,530,"2014-04-15"
"2014-06-18",0,35404,20000,17645.645402597,1,530,"2014-04-15"
"2014-06-19",0,34694,20000,17706.347090475,1,530,"2014-04-15"
"2014-06-20",0,35128,20000,17663.8804868145,1,530,"2014-04-15"
"2014-06-21",0,36104,20000,17583.9416679765,1,530,"2014-04-15"
"2014-06-22",0,36318,20000,17572.1251276623,1,530,"2014-04-15"
"2014-06-23",0,38103,20000,17423.6131802743,1,530,"2014-04-15"
"2014-06-24",0,36269,20000,17578.2172980949,1,530,"2014-04-15"
"2014-06-25",0,34983,20000,17683.4213300861,1,530,"2014-04-15"
"2014-06-26",0,34278,20000,17733.5205581984,1,530,"2014-04-15"
"2014-06-27",0,33952,20000,17765.9283956604,1,530,"2014-04-15"
"2014-06-28",0,34040,20000,17756.5664766384,1,530,"2014-04-15"
"2014-06-29",0,34712,20000,17702.7320698536,1,530,"2014-04-15"
"2014-06-30",0,35407,20000,17645.77481046,1,530,"2014-04-15"
"2014-07-01",0,39486,16129,13339.7869716579,1,530,"2014-04-15"
"2014-07-02",0,42224,16129,13111.3950008167,1,530,"2014-04-15"
"2014-07-03",0,39604,16129,13330.4463881894,1,530,"2014-04-15"
"2014-07-04",0,38488,16129,13419.1608682208,1,530,"2014-04-15"
"2014-07-05",0,38145,16129,13445.7255554684,1,530,"2014-04-15"
"2014-07-06",0,37773,16129,13481.6653024104,1,530,"2014-04-15"
"2014-07-07",0,38989,16129,13375.3726019324,1,530,"2014-04-15"
"2014-07-08",0,38615,16129,13406.6627694985,1,530,"2014-04-15"
"2014-07-09",0,37960,16129,13462.3980022534,1,530,"2014-04-15"
"2014-07-10",0,37725,16129,13483.060548841,1,530,"2014-04-15"
"2014-07-11",0,37201,16129,13528.0457831155,1,530,"2014-04-15"
"2014-07-12",0,37304,16129,13510.6972993355,1,530,"2014-04-15"
"2014-07-13",0,37388,16129,13506.3416933304,1,530,"2014-04-15"
"2014-07-14",0,37337,16129,13513.4925213398,1,530,"2014-04-15"
"2014-07-15",0,37119,16129,13529.9642836017,1,530,"2014-04-15"
"2014-07-16",0,37298,16129,13511.6054170981,1,530,"2014-04-15"
"2014-07-17",0,37027,16129,13542.2082780594,1,530,"2014-04-15"
"2014-07-18",0,36682,16129,13567.2604618157,1,530,"2014-04-15"
"2014-07-19",0,35896,16129,13634.6424062725,1,530,"2014-04-15"
"2014-07-20",0,35552,16129,13655.0639532348,1,530,"2014-04-15"
"2014-07-21",0,36182,16129,13605.8080936758,1,530,"2014-04-15"
"2014-07-22",0,35819,16129,13636.5595801734,1,530,"2014-04-15"
"2014-07-23",0,35842,16129,13632.3764521619,1,530,"2014-04-15"
"2014-07-24",0,34743,16129,13729.9461114242,1,530,"2014-04-15"
"2014-07-25",0,34339,16129,13755.8038977901,1,530,"2014-04-15"
"2014-07-26",0,34039,16129,13784.0440796004,1,530,"2014-04-15"
"2014-07-27",0,33414,16129,13832.4020535284,1,530,"2014-04-15"
"2014-07-28",0,33360,16129,13840.2688825429,1,530,"2014-04-15"
"2014-07-29",0,33152,16129,13851.5693506199,1,530,"2014-04-15"
"2014-07-30",0,32576,16129,13898.1473167241,1,530,"2014-04-15"
"2014-07-31",0,31971,16129,13949.2263561599,1,530,"2014-04-15"
"2014-08-01",0,36884,16129,13552.7550532211,1,530,"2014-04-15"
"2014-08-02",0,39643,16129,13320.0651455245,1,530,"2014-04-15"
"2014-08-03",0,37797,16129,13471.9640463115,1,530,"2014-04-15"
"2014-08-04",0,36802,16129,13557.731311491,1,530,"2014-04-15"
"2014-08-05",0,36294,16129,13603.002120214,1,530,"2014-04-15"
"2014-08-06",0,35360,16129,13679.1760229201,1,530,"2014-04-15"
"2014-08-07",0,35649,16129,13649.7632465449,1,530,"2014-04-15"
"2014-08-08",0,35038,16129,13698.9520435296,1,530,"2014-04-15"
"2014-08-09",0,35290,16129,13681.172011181,1,530,"2014-04-15"
"2014-08-10",0,34628,16129,13737.3707527997,1,530,"2014-04-15"
"2014-08-11",0,35031,16129,13701.368593905,1,530,"2014-04-15"
"2014-08-12",0,34460,16129,13744.2530181339,1,530,"2014-04-15"
"2014-08-13",0,34893,16129,13708.8597016386,1,530,"2014-04-15"
"2014-08-14",0,33760,16129,13805.3957243055,1,530,"2014-04-15"
"2014-08-15",0,33523,16129,13820.3517832622,1,530,"2014-04-15"
"2014-08-16",0,33258,16129,13846.9157449896,1,530,"2014-04-15"
"2014-08-17",0,32963,16129,13868.8357102976,1,530,"2014-04-15"
"2014-08-18",0,33313,16129,13840.2613132208,1,530,"2014-04-15"
"2014-08-19",0,32569,16129,13906.7236932278,1,530,"2014-04-15"
"2014-08-20",0,31971,16129,13951.0908570182,1,530,"2014-04-15"
"2014-08-21",0,32499,16129,13908.7326031936,1,530,"2014-04-15"
"2014-08-22",0,31506,16129,13987.4039815339,1,530,"2014-04-15"
"2014-08-23",0,31162,16129,14021.2443130452,1,530,"2014-04-15"
"2014-08-24",0,31207,16129,14011.8984039864,1,530,"2014-04-15"
"2014-08-25",0,31415,16129,13995.8257704498,1,530,"2014-04-15"
"2014-08-26",0,30839,16129,14046.3435541298,1,530,"2014-04-15"
"2014-08-27",0,30134,16129,14097.4997918831,1,530,"2014-04-15"
"2014-08-28",0,30024,16129,14110.621495721,1,530,"2014-04-15"
"2014-08-29",0,29674,16129,14138.8491817015,1,530,"2014-04-15"
"2014-08-30",0,29279,16129,14175.2724588036,1,530,"2014-04-15"
"2014-08-31",0,29815,16129,14132.8109229232,1,530,"2014-04-15"
"2014-09-01",0,32509,16666.7,14456.1884812728,1,530,"2014-04-15"
"2014-09-02",0,33933,16666.7,14343.5781859354,1,530,"2014-04-15"
"2014-09-03",0,31095,16666.7,14574.4393510612,1,530,"2014-04-15"
"2014-09-04",0,30239,16666.7,14649.7365155093,1,530,"2014-04-15"
"2014-09-05",0,29576,16666.7,14701.9438554715,1,530,"2014-04-15"
"2014-09-06",0,29464,16666.7,14709.5028278791,1,530,"2014-04-15"
"2014-09-07",0,31314,16666.7,14560.0378226584,1,530,"2014-04-15"
"2014-09-08",0,32681,16666.7,14446.5039164655,1,530,"2014-04-15"
"2014-09-09",0,29680,16666.7,14693.767386877,1,530,"2014-04-15"
"2014-09-10",0,28973,16666.7,14744.7475134548,1,530,"2014-04-15"
"2014-09-11",0,27007,16666.7,14912.2806669626,1,530,"2014-04-15"
"2014-09-12",0,27639,16666.7,14859.3518973921,1,530,"2014-04-15"
"2014-09-13",0,28087,16666.7,14825.3521450813,1,530,"2014-04-15"
"2014-09-14",0,29315,16666.7,14718.5165770094,1,530,"2014-04-15"
"2014-09-15",0,29620,16666.7,14699.5573951816,1,530,"2014-04-15"
"2014-09-16",0,27509,16666.7,14870.6073936681,1,530,"2014-04-15"
"2014-09-17",0,26571,16666.7,14949.1894042451,1,530,"2014-04-15"
"2014-09-18",0,28223,16666.7,14806.0663427392,1,530,"2014-04-15"
"2014-09-19",0,30578,16666.7,14615.4865876547,1,530,"2014-04-15"
"2014-09-20",0,31986,16666.7,14502.0043844916,1,530,"2014-04-15"
"2014-09-21",0,30971,16666.7,14580.7860650302,1,530,"2014-04-15"
"2014-09-22",0,28800,16666.7,14761.25520488,1,530,"2014-04-15"
"2014-09-23",0,27050,16666.7,14903.5473668806,1,530,"2014-04-15"
"2014-09-24",0,25855,16666.7,15003.6364266536,1,530,"2014-04-15"
"2014-09-25",0,24652,16666.7,15105.585427048,1,530,"2014-04-15"
"2014-09-26",0,24512,16666.7,15117.0469016797,1,530,"2014-04-15"
"2014-09-27",0,24313,16666.7,15129.4251422074,1,530,"2014-04-15"
"2014-09-28",0,24807,16666.7,15092.4707411707,1,530,"2014-04-15"
"2014-09-29",0,24510,16666.7,15115.7943801588,1,530,"2014-04-15"
"2014-09-30",0,26490,16666.7,14948.8711413085,1,530,"2014-04-15"
"2014-10-01",0,31456,16129,13993.6178371795,1,530,"2014-04-15"
"2014-10-02",0,34197,16129,13768.2083460608,1,530,"2014-04-15"
"2014-10-03",0,31878,16129,13957.5770280175,1,530,"2014-04-15"
"2014-10-04",0,30459,16129,14070.8541360944,1,530,"2014-04-15"
"2014-10-05",0,29722,16129,14132.2857630334,1,530,"2014-04-15"
"2014-10-06",0,29163,16129,14183.5608279434,1,530,"2014-04-15"
"2014-10-07",0,29364,16129,14167.5577068921,1,530,"2014-04-15"
"2014-10-08",0,27175,16129,14343.5000422201,1,530,"2014-04-15"
"2014-10-09",0,26144,16129,14431.9375750656,1,530,"2014-04-15"
"2014-10-10",0,26102,16129,14427.3369001919,1,530,"2014-04-15"
"2014-10-11",0,25887,16129,14453.0566594191,1,530,"2014-04-15"
"2014-10-12",0,26880,16129,14366.18132675,1,530,"2014-04-15"
"2014-10-13",0,28307,16129,14247.4343562918,1,530,"2014-04-15"
"2014-10-14",0,26831,16129,14369.8768834436,1,530,"2014-04-15"
"2014-10-15",0,25008,16129,14524.575047293,1,530,"2014-04-15"
"2014-10-16",0,24089,16129,14596.091958119,1,530,"2014-04-15"
"2014-10-17",0,23779,16129,14619.4976552669,1,530,"2014-04-15"
"2014-10-18",0,24300,16129,14576.5195453327,1,530,"2014-04-15"
"2014-10-19",0,25885,16129,14447.1871877347,1,530,"2014-04-15"
"2014-10-20",0,26684,16129,14385.8735951118,1,530,"2014-04-15"
"2014-10-21",0,24465,16129,14569.4422509443,1,530,"2014-04-15"
"2014-10-22",0,23130,16129,14678.3555615661,1,530,"2014-04-15"
"2014-10-23",0,23122,16129,14679.8600568291,1,530,"2014-04-15"
"2014-10-24",0,22510,16129,14724.6235341291,1,530,"2014-04-15"
"2014-10-25",0,22755,16129,14709.7025095413,1,530,"2014-04-15"
"2014-10-26",0,23979,16129,14607.4151870308,1,530,"2014-04-15"
"2014-10-27",0,24895,16129,14533.3786336363,1,530,"2014-04-15"
"2014-10-28",0,23108,16129,14680.4596209573,1,530,"2014-04-15"
"2014-10-29",0,22668,16129,14715.2929698549,1,530,"2014-04-15"
"2014-10-30",0,22431,16129,14736.4176154094,1,530,"2014-04-15"
"2014-10-31",0,22863,16129,14695.8188071656,1,530,"2014-04-15"
"2014-11-01",0,25615,16666.7,15019.5881553316,1,530,"2014-04-15"
"2014-11-02",0,29002,16666.7,14751.6574003151,1,530,"2014-04-15"
"2014-11-03",0,29262,16666.7,14724.9902142234,1,530,"2014-04-15"
"2014-11-04",0,25856,16666.7,15005.1233879154,1,530,"2014-04-15"
"2014-11-05",0,24746,16666.7,15091.1526101052,1,530,"2014-04-15"
"2014-11-06",0,24479,16666.7,15120.3814865134,1,530,"2014-04-15"
"2014-11-07",0,23786,16666.7,15177.0130150238,1,530,"2014-04-15"
"2014-11-08",0,24600,16666.7,15102.2628418019,1,530,"2014-04-15"
"2014-11-09",0,26271,16666.7,14972.5457893476,1,530,"2014-04-15"
"2014-11-10",0,27200,16666.7,14891.9620564953,1,530,"2014-04-15"
"2014-11-11",0,24886,16666.7,15086.586315867,1,530,"2014-04-15"
"2014-11-12",0,23263,16666.7,15214.6709714772,1,530,"2014-04-15"
"2014-11-13",0,23067,16666.7,15235.1912748076,1,530,"2014-04-15"
"2014-11-14",0,22038,16666.7,15317.6263592423,1,530,"2014-04-15"
"2014-11-15",0,22581,16666.7,15267.2321831499,1,530,"2014-04-15"
"2014-11-16",0,24535,16666.7,15116.4393235994,1,530,"2014-04-15"
"2014-11-17",0,24783,16666.7,15095.4438521713,1,530,"2014-04-15"
"2014-11-18",0,22329,16666.7,15289.4216526129,1,530,"2014-04-15"
"2014-11-19",0,21883,16666.7,15324.530125345,1,530,"2014-04-15"
"2014-11-20",0,21005,16666.7,15405.3926730188,1,530,"2014-04-15"
"2014-11-21",0,21366,16666.7,15369.5609251512,1,530,"2014-04-15"
"2014-11-22",0,22090,16666.7,15314.5470982634,1,530,"2014-04-15"
"2014-11-23",0,23818,16666.7,15170.8291594631,1,530,"2014-04-15"
"2014-11-24",0,24979,16666.7,15078.9962701061,1,530,"2014-04-15"
"2014-11-25",0,21955,16666.7,15319.734596554,1,530,"2014-04-15"
"2014-11-26",0,20873,16666.7,15410.4401218308,1,530,"2014-04-15"
"2014-11-27",0,20859,16666.7,15411.7162490688,1,530,"2014-04-15"
"2014-11-28",0,19954,16666.7,15486.3025027882,1,530,"2014-04-15"
"2014-11-29",0,20360,16666.7,15454.9231908213,1,530,"2014-04-15"
"2014-11-30",0,21959,16666.7,15325.8527173774,1,530,"2014-04-15"
"2014-12-01",0,24601,16129,14552.0512124873,1,530,"2014-04-15"
"2014-12-02",0,24149,16129,14594.3462692522,1,530,"2014-04-15"
"2014-12-03",0,22833,16129,14700.275240553,1,530,"2014-04-15"
"2014-12-04",0,22220,16129,14749.385052012,1,530,"2014-04-15"
"2014-12-05",0,22067,16129,14757.0779694273,1,530,"2014-04-15"
"2014-12-06",0,22471,16129,14727.8049367419,1,530,"2014-04-15"
"2014-12-07",0,23962,16129,14607.0581242848,1,530,"2014-04-15"
"2014-12-08",0,24979,16129,14527.9432883781,1,530,"2014-04-15"
"2014-12-09",0,22721,16129,14708.8345417393,1,530,"2014-04-15"
"2014-12-10",0,21558,16129,14798.828025265,1,530,"2014-04-15"
"2014-12-11",0,21676,16129,14793.8727430553,1,530,"2014-04-15"
"2014-12-12",0,21402,16129,14816.8501808638,1,530,"2014-04-15"
"2014-12-13",0,21994,16129,14763.3438226713,1,530,"2014-04-15"
"2014-12-14",0,23372,16129,14659.6110376527,1,530,"2014-04-15"
"2014-12-15",0,24319,16129,14578.3924016019,1,530,"2014-04-15"
"2014-12-16",0,21985,16129,14769.2664585003,1,530,"2014-04-15"
"2014-12-17",0,21059,16129,14848.1322222269,1,530,"2014-04-15"
"2014-12-18",0,20132,16129,14923.5158199394,1,530,"2014-04-15"
"2014-12-19",0,19397,16129,14977.3306915284,1,530,"2014-04-15"
"2014-12-20",0,19739,16129,14956.6660879866,1,530,"2014-04-15"
"2014-12-21",0,21145,16129,14840.7501816125,1,530,"2014-04-15"
"2014-12-22",0,21818,16129,14782.0445417522,1,530,"2014-04-15"
"2014-12-23",0,19691,16129,14956.352502402,1,530,"2014-04-15"
"2014-12-24",0,19076,16129,15004.7619613711,1,530,"2014-04-15"
"2014-12-25",0,19011,16129,15010.1656609067,1,530,"2014-04-15"
"2014-12-26",0,19419,16129,14976.8714397254,1,530,"2014-04-15"
"2014-12-27",0,19502,16129,14974.1948030612,1,530,"2014-04-15"
"2014-12-28",0,20361,16129,14904.3310534614,1,530,"2014-04-15"
"2014-12-29",0,20652,16129,14877.9767421464,1,530,"2014-04-15"
"2014-12-30",0,19638,16129,14955.6257515854,1,530,"2014-04-15"
"2014-12-31",0,20235,16129,14915.3732036935,1,530,"2014-04-15"
