"2014-01-01",3796,0,3225.81,640.728334428713,-0.831209606314881,614,"2014-04-15"
"2014-01-02",3995,0,3225.81,636.542164911952,-0.840665290384993,614,"2014-04-15"
"2014-01-03",3777,0,3225.81,637.106394784495,-0.83131946126966,614,"2014-04-15"
"2014-01-04",3761,0,3225.81,638.008226398814,-0.830362077532886,614,"2014-04-15"
"2014-01-05",3647,0,3225.81,636.11699146495,-0.825578011663024,614,"2014-04-15"
"2014-01-06",3433,0,3225.81,639.162943952687,-0.813817959815704,614,"2014-04-15"
"2014-01-07",3418,0,3225.81,634.470702023681,-0.81437369747698,614,"2014-04-15"
"2014-01-08",3259,0,3225.81,639.218251540296,-0.803860616280977,614,"2014-04-15"
"2014-01-09",3233,0,3225.81,633.245073862344,-0.804130815384366,614,"2014-04-15"
"2014-01-10",3302,0,3225.81,641.234741411608,-0.805804136459235,614,"2014-04-15"
"2014-01-11",3449,0,3225.81,639.164106885873,-0.814681325924653,614,"2014-04-15"
"2014-01-12",3494,0,3225.81,634.245356766477,-0.818475856678169,614,"2014-04-15"
"2014-01-13",3352,0,3225.81,639.35800070918,-0.809260739645233,614,"2014-04-15"
"2014-01-14",3147,0,3225.81,642.606443127587,-0.795803481688088,614,"2014-04-15"
"2014-01-15",3177,0,3225.81,637.723916997638,-0.799268518414341,614,"2014-04-15"
"2014-01-16",3126,0,3225.81,641.364046382222,-0.794829159826544,614,"2014-04-15"
"2014-01-17",3347,0,3225.81,640.841725543577,-0.808532499090655,614,"2014-04-15"
"2014-01-18",3315,0,3225.81,635.456748560973,-0.808308673133945,614,"2014-04-15"
"2014-01-19",3443,0,3225.81,640.955081978317,-0.813838198670253,614,"2014-04-15"
"2014-01-20",3397,0,3225.81,639.671812514279,-0.811695080213636,614,"2014-04-15"
"2014-01-21",3360,0,3225.81,638.216054852091,-0.810054745579735,614,"2014-04-15"
"2014-01-22",3292,0,3225.81,642.413043051928,-0.804856305269767,614,"2014-04-15"
"2014-01-23",3320,0,3225.81,638.30089788229,-0.807740693408949,614,"2014-04-15"
"2014-01-24",3597,0,3225.81,635.972912130382,-0.8231935190074,614,"2014-04-15"
"2014-01-25",3534,0,3225.81,640.74210415405,-0.818692104087705,614,"2014-04-15"
"2014-01-26",3361,0,3225.81,634.371322654624,-0.811255185166729,614,"2014-04-15"
"2014-01-27",3508,0,3225.81,633.45645264766,-0.819425184536015,614,"2014-04-15"
"2014-01-28",3414,0,3225.81,636.875997251336,-0.813451670400898,614,"2014-04-15"
"2014-01-29",3542,0,3225.81,636.72720810442,-0.820235119112247,614,"2014-04-15"
"2014-01-30",3570,0,3225.81,641.640864012733,-0.820268665542652,614,"2014-04-15"
"2014-01-31",3534,0,3225.81,641.869537407037,-0.818373079398122,614,"2014-04-15"
"2014-02-01",3595,0,3392.86,674.666251766632,-0.812332057923051,614,"2014-04-15"
"2014-02-02",3867,2381,3392.86,2015.50938401275,-0.478792504780773,614,"2014-04-15"
"2014-02-03",3743,2574,3392.86,2124.23239376326,-0.43247865515275,614,"2014-04-15"
"2014-02-04",3736,2863,3392.86,2286.46510432738,-0.387991139098668,614,"2014-04-15"
"2014-02-05",3611,2974,3392.86,2352.0317627708,-0.348648085635337,614,"2014-04-15"
"2014-02-06",3733,3039,3392.86,2389.8695798111,-0.359799201765042,614,"2014-04-15"
"2014-02-07",3638,3210,3392.86,2483.48060503915,-0.317350026102487,614,"2014-04-15"
"2014-02-08",3649,3302,3392.86,2540.98244546405,-0.303649644981076,614,"2014-04-15"
"2014-02-09",3664,3414,3392.86,2598.51955475643,-0.290797064749884,614,"2014-04-15"
"2014-02-10",3601,3220,3392.86,2494.3830995773,-0.30730822005629,614,"2014-04-15"
"2014-02-11",3575,2845,3392.86,2279.6712395079,-0.362329723214574,614,"2014-04-15"
"2014-02-12",3521,2802,3392.86,2254.68759194009,-0.359645671133176,614,"2014-04-15"
"2014-02-13",3387,2939,3392.86,2332.00175187369,-0.311484572815562,614,"2014-04-15"
"2014-02-14",3480,3101,3392.86,2422.44337864457,-0.303895580849261,614,"2014-04-15"
"2014-02-15",3350,3289,3392.86,2530.88779689236,-0.244511105405264,614,"2014-04-15"
"2014-02-16",3383,3450,3392.86,2618.20755284083,-0.226069301554588,614,"2014-04-15"
"2014-02-17",3235,3497,3392.86,2649.87699960092,-0.180872643090906,614,"2014-04-15"
"2014-02-18",3033,3624,3392.86,2722.46208282535,-0.102386388781619,614,"2014-04-15"
"2014-02-19",2989,3334,3392.86,2553.6340469811,-0.145656056546971,614,"2014-04-15"
"2014-02-20",3032,3204,3392.86,2487.17645559361,-0.179691142614245,614,"2014-04-15"
"2014-02-21",3173,3410,3392.86,2603.26273153696,-0.179557916313597,614,"2014-04-15"
"2014-02-22",3429,3294,3392.86,2537.78741853807,-0.259904514862038,614,"2014-04-15"
"2014-02-23",3504,3423,3392.86,2608.47134425232,-0.255573246503332,614,"2014-04-15"
"2014-02-24",3230,3387,3392.86,2588.27699714822,-0.198675852276094,614,"2014-04-15"
"2014-02-25",3107,3421,3392.86,2602.62110509855,-0.162336303476489,614,"2014-04-15"
"2014-02-26",3112,3440,3392.86,2612.60581944961,-0.16047370840308,614,"2014-04-15"
"2014-02-27",3066,3325,3392.86,2556.1429007059,-0.166293900617776,614,"2014-04-15"
"2014-02-28",3235,3274,3392.86,2526.8813180013,-0.218892946522011,614,"2014-04-15"
"2014-03-01",3703,3771,2903.23,2705.03830522588,-0.269500862752935,614,"2014-04-15"
"2014-03-02",4010,4290,2903.23,3003.3740371905,-0.251028918406358,614,"2014-04-15"
"2014-03-03",3350,4089,2903.23,2890.39755073857,-0.137194760973561,614,"2014-04-15"
"2014-03-04",3163,3881,2903.23,2769.15583924398,-0.124516016679109,614,"2014-04-15"
"2014-03-05",2957,3858,2903.23,2757.17082928729,-0.0675783465379465,614,"2014-04-15"
"2014-03-06",2909,3743,2903.23,2692.2801213323,-0.074499786410346,614,"2014-04-15"
"2014-03-07",3035,3684,2903.23,2661.55750890047,-0.123045301844985,614,"2014-04-15"
"2014-03-08",3361,3894,2903.23,2782.6041580784,-0.172090402237906,614,"2014-04-15"
"2014-03-09",3419,4186,2903.23,2946.31657187327,-0.138251953239758,614,"2014-04-15"
"2014-03-10",3021,4297,2903.23,3006.35193469725,-0.00484874720382289,614,"2014-04-15"
"2014-03-11",2934,4036,2903.23,2858.96516934409,-0.0255742435773387,614,"2014-04-15"
"2014-03-12",2963,3939,2903.23,2808.66019153923,-0.0520890342425807,614,"2014-04-15"
"2014-03-13",2769,3638,2903.23,2632.48745173876,-0.0493003063420868,614,"2014-04-15"
"2014-03-14",2839,3515,2903.23,2560.09934363665,-0.0982390476799418,614,"2014-04-15"
"2014-03-15",3110,3614,2903.23,2615.78491864902,-0.158911601720573,614,"2014-04-15"
"2014-03-16",3180,3952,2903.23,2807.07750413523,-0.117271225114707,614,"2014-04-15"
"2014-03-17",2915,4147,2903.23,2919.959642002,0.00170142092692971,614,"2014-04-15"
"2014-03-18",2795,3936,2903.23,2798.08682057873,0.00110440807825651,614,"2014-04-15"
"2014-03-19",2753,3774,2903.23,2708.78604507453,-0.016060281484007,614,"2014-04-15"
"2014-03-20",2667,3507,2903.23,2556.93881325273,-0.0412677865569072,614,"2014-04-15"
"2014-03-21",2604,3546,2903.23,2583.6049705822,-0.00783219255675927,614,"2014-04-15"
"2014-03-22",2966,3645,2903.23,2639.84771995355,-0.10996368174189,614,"2014-04-15"
"2014-03-23",3053,3972,2903.23,2817.77509162213,-0.0770471367107326,614,"2014-04-15"
"2014-03-24",2643,4096,2903.23,2891.31874152296,0.0939533641781911,614,"2014-04-15"
"2014-03-25",2486,3843,2903.23,2745.75308713244,0.104486358460353,614,"2014-04-15"
"2014-03-26",2616,3777,2903.23,2715.62525536868,0.0380830486883339,614,"2014-04-15"
"2014-03-27",2383,3716,2903.23,2673.59776986728,0.121946189621182,614,"2014-04-15"
"2014-03-28",2592,3534,2903.23,2575.55870762984,-0.00634309119219201,614,"2014-04-15"
"2014-03-29",0,3532,2903.23,2576.21240311743,1,614,"2014-04-15"
"2014-03-30",0,3777,2903.23,2710.67035205665,1,614,"2014-04-15"
"2014-03-31",0,3702,2903.23,2664.83275174253,1,614,"2014-04-15"
"2014-04-01",0,4236,2833.33,2957.78673044326,1,614,"2014-04-15"
"2014-04-02",0,4715,2833.33,3232.84481695577,1,614,"2014-04-15"
"2014-04-03",0,4489,2833.33,3099.3897534196,1,614,"2014-04-15"
"2014-04-04",0,4735,2833.33,3241.77329257375,1,614,"2014-04-15"
"2014-04-05",0,5035,2833.33,3407.92617846411,1,614,"2014-04-15"
"2014-04-06",0,4714,2833.33,3233.44035567099,1,614,"2014-04-15"
"2014-04-07",0,4369,2833.33,3030.32105874983,1,614,"2014-04-15"
"2014-04-08",0,4153,2833.33,2912.01320087848,1,614,"2014-04-15"
"2014-04-09",0,4089,2833.33,2874.99652516978,1,614,"2014-04-15"
"2014-04-10",0,4066,2833.33,2866.27753815885,1,614,"2014-04-15"
"2014-04-11",0,4128,2833.33,2893.41522921294,1,614,"2014-04-15"
"2014-04-12",0,4091,2833.33,2880.2769471605,1,614,"2014-04-15"
"2014-04-13",0,4300,2833.33,2989.85754550715,1,614,"2014-04-15"
"2014-04-14",0,4501,2833.33,3111.22110180792,1,614,"2014-04-15"
"2014-04-15",0,4354,2833.33,3027.82052457598,1,614,"2014-04-15"
"2014-04-16",0,4245,2833.33,2960.69444706154,1,614,"2014-04-15"
"2014-04-17",0,4294,2833.33,2990.05373521111,1,614,"2014-04-15"
"2014-04-18",0,4250,2833.33,2967.33413077453,1,614,"2014-04-15"
"2014-04-19",0,4306,2833.33,3001.08521443088,1,614,"2014-04-15"
"2014-04-20",0,4480,2833.33,3098.42681932802,1,614,"2014-04-15"
"2014-04-21",0,4564,2833.33,3144.54181390837,1,614,"2014-04-15"
"2014-04-22",0,4358,2833.33,3026.0242352611,1,614,"2014-04-15"
"2014-04-23",0,4073,2833.33,2869.40736638475,1,614,"2014-04-15"
"2014-04-24",0,4035,2833.33,2844.58426839405,1,614,"2014-04-15"
"2014-04-25",0,4109,2833.33,2882.23750869049,1,614,"2014-04-15"
"2014-04-26",0,4130,2833.33,2900.17907099033,1,614,"2014-04-15"
"2014-04-27",0,4030,2833.33,2839.39709952926,1,614,"2014-04-15"
"2014-04-28",0,4257,2833.33,2967.88968365256,1,614,"2014-04-15"
"2014-04-29",0,4741,2833.33,3239.48319415054,1,614,"2014-04-15"
"2014-04-30",0,4889,2833.33,3329.77285947919,1,614,"2014-04-15"
"2014-05-01",0,5920,2580.65,3858.71908849666,1,614,"2014-04-15"
"2014-05-02",0,6741,2580.65,4328.44592035625,1,614,"2014-04-15"
"2014-05-03",0,6037,2580.65,3922.79050621304,1,614,"2014-04-15"
"2014-05-04",0,5635,2580.65,3696.41602707519,1,614,"2014-04-15"
"2014-05-05",0,5580,2580.65,3664.47991815728,1,614,"2014-04-15"
"2014-05-06",0,5395,2580.65,3563.62215187636,1,614,"2014-04-15"
"2014-05-07",0,5145,2580.65,3419.75059883339,1,614,"2014-04-15"
"2014-05-08",0,4966,2580.65,3322.2126959775,1,614,"2014-04-15"
"2014-05-09",0,4916,2580.65,3293.74488226336,1,614,"2014-04-15"
"2014-05-10",0,4922,2580.65,3292.49006111552,1,614,"2014-04-15"
"2014-05-11",0,5076,2580.65,3386.26529951516,1,614,"2014-04-15"
"2014-05-12",0,5146,2580.65,3421.30583881178,1,614,"2014-04-15"
"2014-05-13",0,5021,2580.65,3351.70963886737,1,614,"2014-04-15"
"2014-05-14",0,4681,2580.65,3161.34930914349,1,614,"2014-04-15"
"2014-05-15",0,4645,2580.65,3139.37730080385,1,614,"2014-04-15"
"2014-05-16",0,4628,2580.65,3126.98064464116,1,614,"2014-04-15"
"2014-05-17",0,4717,2580.65,3176.55392205569,1,614,"2014-04-15"
"2014-05-18",0,5081,2580.65,3385.43009429247,1,614,"2014-04-15"
"2014-05-19",0,5022,2580.65,3352.84311830716,1,614,"2014-04-15"
"2014-05-20",0,4782,2580.65,3222.2198357456,1,614,"2014-04-15"
"2014-05-21",0,4717,2580.65,3179.025912492,1,614,"2014-04-15"
"2014-05-22",0,4532,2580.65,3078.20083630168,1,614,"2014-04-15"
"2014-05-23",0,4376,2580.65,2988.0267938425,1,614,"2014-04-15"
"2014-05-24",0,4564,2580.65,3097.07933869988,1,614,"2014-04-15"
"2014-05-25",0,4781,2580.65,3215.9733061132,1,614,"2014-04-15"
"2014-05-26",0,5039,2580.65,3364.22349343226,1,614,"2014-04-15"
"2014-05-27",0,4645,2580.65,3137.09681986768,1,614,"2014-04-15"
"2014-05-28",0,4397,2580.65,2998.25603151746,1,614,"2014-04-15"
"2014-05-29",0,4216,2580.65,2896.04464945536,1,614,"2014-04-15"
"2014-05-30",0,4165,2580.65,2864.30959214714,1,614,"2014-04-15"
"2014-05-31",0,4325,2580.65,2959.77183050937,1,614,"2014-04-15"
"2014-06-01",0,5207,2500,3443.76248943351,1,614,"2014-04-15"
"2014-06-02",0,5858,2500,3814.27174593652,1,614,"2014-04-15"
"2014-06-03",0,5350,2500,3526.37456366064,1,614,"2014-04-15"
"2014-06-04",0,5172,2500,3419.25844193363,1,614,"2014-04-15"
"2014-06-05",0,5036,2500,3343.97977680874,1,614,"2014-04-15"
"2014-06-06",0,5169,2500,3420.26229535067,1,614,"2014-04-15"
"2014-06-07",0,5223,2500,3447.43867709123,1,614,"2014-04-15"
"2014-06-08",0,4992,2500,3321.56383297541,1,614,"2014-04-15"
"2014-06-09",0,5385,2500,3543.75655522344,1,614,"2014-04-15"
"2014-06-10",0,5306,2500,3500.4921191641,1,614,"2014-04-15"
"2014-06-11",0,5484,2500,3600.06236986196,1,614,"2014-04-15"
"2014-06-12",0,5719,2500,3727.81490344145,1,614,"2014-04-15"
"2014-06-13",0,5632,2500,3677.77171870012,1,614,"2014-04-15"
"2014-06-14",0,5067,2500,3362.256999305,1,614,"2014-04-15"
"2014-06-15",0,5084,2500,3371.5165068583,1,614,"2014-04-15"
"2014-06-16",0,5216,2500,3447.78639555443,1,614,"2014-04-15"
"2014-06-17",0,5079,2500,3369.76649423769,1,614,"2014-04-15"
"2014-06-18",0,5078,2500,3371.48542771182,1,614,"2014-04-15"
"2014-06-19",0,5008,2500,3329.49816455358,1,614,"2014-04-15"
"2014-06-20",0,5007,2500,3332.00408785954,1,614,"2014-04-15"
"2014-06-21",0,5163,2500,3414.77452422849,1,614,"2014-04-15"
"2014-06-22",0,5323,2500,3509.57405524655,1,614,"2014-04-15"
"2014-06-23",0,5487,2500,3598.64019322471,1,614,"2014-04-15"
"2014-06-24",0,5199,2500,3434.19756559225,1,614,"2014-04-15"
"2014-06-25",0,4950,2500,3295.32989906423,1,614,"2014-04-15"
"2014-06-26",0,4798,2500,3206.93509649021,1,614,"2014-04-15"
"2014-06-27",0,4718,2500,3166.78957878628,1,614,"2014-04-15"
"2014-06-28",0,4653,2500,3130.36163881668,1,614,"2014-04-15"
"2014-06-29",0,4830,2500,3230.04745640043,1,614,"2014-04-15"
"2014-06-30",0,4910,2500,3272.83478233665,1,614,"2014-04-15"
"2014-07-01",0,5581,2258.06,3602.57849165503,1,614,"2014-04-15"
"2014-07-02",0,6067,2258.06,3884.27543086123,1,614,"2014-04-15"
"2014-07-03",0,5564,2258.06,3600.55674739249,1,614,"2014-04-15"
"2014-07-04",0,5379,2258.06,3490.34411187021,1,614,"2014-04-15"
"2014-07-05",0,5416,2258.06,3511.09519049748,1,614,"2014-04-15"
"2014-07-06",0,5280,2258.06,3432.02123103003,1,614,"2014-04-15"
"2014-07-07",0,5546,2258.06,3588.19729943987,1,614,"2014-04-15"
"2014-07-08",0,5444,2258.06,3531.831648112,1,614,"2014-04-15"
"2014-07-09",0,5363,2258.06,3485.07822398209,1,614,"2014-04-15"
"2014-07-10",0,5411,2258.06,3513.62145798199,1,614,"2014-04-15"
"2014-07-11",0,5227,2258.06,3401.76198834715,1,614,"2014-04-15"
"2014-07-12",0,5183,2258.06,3382.24132408942,1,614,"2014-04-15"
"2014-07-13",0,5128,2258.06,3348.47173059123,1,614,"2014-04-15"
"2014-07-14",0,5306,2258.06,3454.04102345968,1,614,"2014-04-15"
"2014-07-15",0,5200,2258.06,3391.37302678131,1,614,"2014-04-15"
"2014-07-16",0,5188,2258.06,3386.81084891242,1,614,"2014-04-15"
"2014-07-17",0,5182,2258.06,3378.86339815547,1,614,"2014-04-15"
"2014-07-18",0,5069,2258.06,3319.1868666018,1,614,"2014-04-15"
"2014-07-19",0,5042,2258.06,3304.50715844351,1,614,"2014-04-15"
"2014-07-20",0,4951,2258.06,3250.10180356973,1,614,"2014-04-15"
"2014-07-21",0,5074,2258.06,3321.95217707439,1,614,"2014-04-15"
"2014-07-22",0,5270,2258.06,3429.97609428024,1,614,"2014-04-15"
"2014-07-23",0,5154,2258.06,3359.62659895417,1,614,"2014-04-15"
"2014-07-24",0,4960,2258.06,3251.81026494693,1,614,"2014-04-15"
"2014-07-25",0,4944,2258.06,3250.27083657223,1,614,"2014-04-15"
"2014-07-26",0,4941,2258.06,3240.23692147491,1,614,"2014-04-15"
"2014-07-27",0,4931,2258.06,3234.11950217101,1,614,"2014-04-15"
"2014-07-28",0,4836,2258.06,3181.0532603603,1,614,"2014-04-15"
"2014-07-29",0,4851,2258.06,3189.86734781202,1,614,"2014-04-15"
"2014-07-30",0,4755,2258.06,3141.72466091292,1,614,"2014-04-15"
"2014-07-31",0,4741,2258.06,3132.91300352733,1,614,"2014-04-15"
"2014-08-01",0,5230,2096.77,3378.39132393257,1,614,"2014-04-15"
"2014-08-02",0,5698,2096.77,3643.51442921472,1,614,"2014-04-15"
"2014-08-03",0,5557,2096.77,3558.75242845629,1,614,"2014-04-15"
"2014-08-04",0,5505,2096.77,3536.09337687498,1,614,"2014-04-15"
"2014-08-05",0,5305,2096.77,3417.02002903605,1,614,"2014-04-15"
"2014-08-06",0,5197,2096.77,3358.16472777821,1,614,"2014-04-15"
"2014-08-07",0,5229,2096.77,3371.94528522573,1,614,"2014-04-15"
"2014-08-08",0,5337,2096.77,3440.53011899687,1,614,"2014-04-15"
"2014-08-09",0,5312,2096.77,3417.84836242421,1,614,"2014-04-15"
"2014-08-10",0,5245,2096.77,3384.01484326455,1,614,"2014-04-15"
"2014-08-11",0,5295,2096.77,3417.16010171237,1,614,"2014-04-15"
"2014-08-12",0,5308,2096.77,3416.98284094237,1,614,"2014-04-15"
"2014-08-13",0,5255,2096.77,3389.86969762155,1,614,"2014-04-15"
"2014-08-14",0,5389,2096.77,3470.1038496114,1,614,"2014-04-15"
"2014-08-15",0,5355,2096.77,3448.81960274597,1,614,"2014-04-15"
"2014-08-16",0,5346,2096.77,3445.06923430276,1,614,"2014-04-15"
"2014-08-17",0,5280,2096.77,3404.14061079998,1,614,"2014-04-15"
"2014-08-18",0,5390,2096.77,3467.96645543754,1,614,"2014-04-15"
"2014-08-19",0,5257,2096.77,3390.24497177806,1,614,"2014-04-15"
"2014-08-20",0,5441,2096.77,3490.94036176445,1,614,"2014-04-15"
"2014-08-21",0,5464,2096.77,3508.17961636953,1,614,"2014-04-15"
"2014-08-22",0,5325,2096.77,3433.01309767392,1,614,"2014-04-15"
"2014-08-23",0,5393,2096.77,3464.60233295875,1,614,"2014-04-15"
"2014-08-24",0,5375,2096.77,3462.04124596436,1,614,"2014-04-15"
"2014-08-25",0,5397,2096.77,3470.04425009517,1,614,"2014-04-15"
"2014-08-26",0,5466,2096.77,3510.41617595362,1,614,"2014-04-15"
"2014-08-27",0,5529,2096.77,3545.26608543495,1,614,"2014-04-15"
"2014-08-28",0,5600,2096.77,3586.6490221277,1,614,"2014-04-15"
"2014-08-29",0,5194,2096.77,3354.66292071024,1,614,"2014-04-15"
"2014-08-30",0,5345,2096.77,3440.29214251123,1,614,"2014-04-15"
"2014-08-31",0,5420,2096.77,3481.3405690174,1,614,"2014-04-15"
"2014-09-01",0,6144,2000,3875.53981732792,1,614,"2014-04-15"
"2014-09-02",0,6076,2000,3834.26517167251,1,614,"2014-04-15"
"2014-09-03",0,5769,2000,3661.36814586767,1,614,"2014-04-15"
"2014-09-04",0,5691,2000,3617.34980466023,1,614,"2014-04-15"
"2014-09-05",0,5564,2000,3548.58352642304,1,614,"2014-04-15"
"2014-09-06",0,5696,2000,3619.0651860346,1,614,"2014-04-15"
"2014-09-07",0,6031,2000,3813.34351928613,1,614,"2014-04-15"
"2014-09-08",0,6175,2000,3888.30087714883,1,614,"2014-04-15"
"2014-09-09",0,5495,2000,3503.31043266522,1,614,"2014-04-15"
"2014-09-10",0,5479,2000,3494.31146856836,1,614,"2014-04-15"
"2014-09-11",0,5104,2000,3282.52888006564,1,614,"2014-04-15"
"2014-09-12",0,5286,2000,3386.52697102813,1,614,"2014-04-15"
"2014-09-13",0,5292,2000,3391.45632818235,1,614,"2014-04-15"
"2014-09-14",0,5473,2000,3497.20110909574,1,614,"2014-04-15"
"2014-09-15",0,5418,2000,3461.13989479076,1,614,"2014-04-15"
"2014-09-16",0,5246,2000,3363.50401733608,1,614,"2014-04-15"
"2014-09-17",0,4969,2000,3212.39700140761,1,614,"2014-04-15"
"2014-09-18",0,5112,2000,3292.1112428057,1,614,"2014-04-15"
"2014-09-19",0,5656,2000,3597.60698155176,1,614,"2014-04-15"
"2014-09-20",0,5741,2000,3645.29605814687,1,614,"2014-04-15"
"2014-09-21",0,5560,2000,3544.09894758902,1,614,"2014-04-15"
"2014-09-22",0,5094,2000,3282.33506710764,1,614,"2014-04-15"
"2014-09-23",0,4856,2000,3143.5050187801,1,614,"2014-04-15"
"2014-09-24",0,4568,2000,2982.84446614158,1,614,"2014-04-15"
"2014-09-25",0,4521,2000,2960.23895558102,1,614,"2014-04-15"
"2014-09-26",0,4374,2000,2869.32815051101,1,614,"2014-04-15"
"2014-09-27",0,4366,2000,2872.75685526664,1,614,"2014-04-15"
"2014-09-28",0,4350,2000,2857.02148224836,1,614,"2014-04-15"
"2014-09-29",0,4359,2000,2867.97792100527,1,614,"2014-04-15"
"2014-09-30",0,4811,2000,3122.4120912083,1,614,"2014-04-15"
"2014-10-01",0,5577,1774.19,3506.03271763124,1,614,"2014-04-15"
"2014-10-02",0,6150,1774.19,3832.09135384946,1,614,"2014-04-15"
"2014-10-03",0,5597,1774.19,3517.48827730178,1,614,"2014-04-15"
"2014-10-04",0,5454,1774.19,3438.3117046613,1,614,"2014-04-15"
"2014-10-05",0,5411,1774.19,3410.60478885326,1,614,"2014-04-15"
"2014-10-06",0,5248,1774.19,3321.02908140355,1,614,"2014-04-15"
"2014-10-07",0,5330,1774.19,3369.37093777623,1,614,"2014-04-15"
"2014-10-08",0,5050,1774.19,3210.61656267358,1,614,"2014-04-15"
"2014-10-09",0,4918,1774.19,3131.54252058117,1,614,"2014-04-15"
"2014-10-10",0,4915,1774.19,3132.91362957695,1,614,"2014-04-15"
"2014-10-11",0,4652,1774.19,2981.48199586463,1,614,"2014-04-15"
"2014-10-12",0,4839,1774.19,3086.49253271864,1,614,"2014-04-15"
"2014-10-13",0,5204,1774.19,3298.85623189388,1,614,"2014-04-15"
"2014-10-14",0,4911,1774.19,3136.5061339613,1,614,"2014-04-15"
"2014-10-15",0,4668,1774.19,2997.68279814051,1,614,"2014-04-15"
"2014-10-16",0,4511,1774.19,2908.7906352641,1,614,"2014-04-15"
"2014-10-17",0,4539,1774.19,2923.36311211103,1,614,"2014-04-15"
"2014-10-18",0,4637,1774.19,2972.39351053306,1,614,"2014-04-15"
"2014-10-19",0,4929,1774.19,3147.20114534961,1,614,"2014-04-15"
"2014-10-20",0,5044,1774.19,3202.82109165827,1,614,"2014-04-15"
"2014-10-21",0,4652,1774.19,2989.44354109964,1,614,"2014-04-15"
"2014-10-22",0,4628,1774.19,2973.19089272771,1,614,"2014-04-15"
"2014-10-23",0,4444,1774.19,2869.73142047204,1,614,"2014-04-15"
"2014-10-24",0,4314,1774.19,2791.24740941701,1,614,"2014-04-15"
"2014-10-25",0,4316,1774.19,2790.63663739712,1,614,"2014-04-15"
"2014-10-26",0,4488,1774.19,2896.80077577107,1,614,"2014-04-15"
"2014-10-27",0,4541,1774.19,2920.80251389157,1,614,"2014-04-15"
"2014-10-28",0,4213,1774.19,2740.59793190902,1,614,"2014-04-15"
"2014-10-29",0,3978,1774.19,2601.6831652423,1,614,"2014-04-15"
"2014-10-30",0,3980,1774.19,2609.53936998236,1,614,"2014-04-15"
"2014-10-31",0,4024,1774.19,2627.20908126837,1,614,"2014-04-15"
"2014-11-01",0,4518,1666.67,2889.03766474,1,614,"2014-04-15"
"2014-11-02",0,4927,1666.67,3115.97334170689,1,614,"2014-04-15"
"2014-11-03",0,5006,1666.67,3161.558023245,1,614,"2014-04-15"
"2014-11-04",0,4332,1666.67,2785.42037509655,1,614,"2014-04-15"
"2014-11-05",0,4447,1666.67,2851.45186872052,1,614,"2014-04-15"
"2014-11-06",0,4134,1666.67,2670.4479408794,1,614,"2014-04-15"
"2014-11-07",0,4089,1666.67,2641.92824732508,1,614,"2014-04-15"
"2014-11-08",0,4159,1666.67,2686.24795949389,1,614,"2014-04-15"
"2014-11-09",0,4536,1666.67,2901.18255619044,1,614,"2014-04-15"
"2014-11-10",0,4581,1666.67,2927.34332142198,1,614,"2014-04-15"
"2014-11-11",0,4249,1666.67,2736.87195189962,1,614,"2014-04-15"
"2014-11-12",0,3961,1666.67,2576.69502147213,1,614,"2014-04-15"
"2014-11-13",0,3818,1666.67,2493.26359340888,1,614,"2014-04-15"
"2014-11-14",0,3878,1666.67,2522.07661333158,1,614,"2014-04-15"
"2014-11-15",0,3775,1666.67,2473.06489239215,1,614,"2014-04-15"
"2014-11-16",0,4123,1666.67,2666.99431691942,1,614,"2014-04-15"
"2014-11-17",0,4270,1666.67,2752.98280419677,1,614,"2014-04-15"
"2014-11-18",0,3870,1666.67,2520.86568855649,1,614,"2014-04-15"
"2014-11-19",0,3791,1666.67,2473.48910650329,1,614,"2014-04-15"
"2014-11-20",0,3708,1666.67,2435.24791362711,1,614,"2014-04-15"
"2014-11-21",0,3758,1666.67,2457.75496545982,1,614,"2014-04-15"
"2014-11-22",0,3770,1666.67,2465.17123156855,1,614,"2014-04-15"
"2014-11-23",0,4024,1666.67,2606.9239314412,1,614,"2014-04-15"
"2014-11-24",0,4160,1666.67,2688.10188514125,1,614,"2014-04-15"
"2014-11-25",0,3686,1666.67,2419.26022923997,1,614,"2014-04-15"
"2014-11-26",0,3584,1666.67,2362.57593281757,1,614,"2014-04-15"
"2014-11-27",0,3435,1666.67,2271.7948268727,1,614,"2014-04-15"
"2014-11-28",0,3361,1666.67,2234.77787417559,1,614,"2014-04-15"
"2014-11-29",0,3392,1666.67,2255.17793119226,1,614,"2014-04-15"
"2014-11-30",0,3774,1666.67,2464.16779313363,1,614,"2014-04-15"
"2014-12-01",0,4106,1451.61,2616.80317459394,1,614,"2014-04-15"
"2014-12-02",0,4026,1451.61,2563.75271657263,1,614,"2014-04-15"
"2014-12-03",0,3703,1451.61,2388.70310090465,1,614,"2014-04-15"
"2014-12-04",0,3588,1451.61,2315.27432505002,1,614,"2014-04-15"
"2014-12-05",0,3655,1451.61,2362.58593299604,1,614,"2014-04-15"
"2014-12-06",0,3687,1451.61,2379.88810236691,1,614,"2014-04-15"
"2014-12-07",0,3887,1451.61,2492.53152140156,1,614,"2014-04-15"
"2014-12-08",0,4074,1451.61,2591.74585762951,1,614,"2014-04-15"
"2014-12-09",0,3634,1451.61,2345.04439176309,1,614,"2014-04-15"
"2014-12-10",0,3587,1451.61,2318.00955165962,1,614,"2014-04-15"
"2014-12-11",0,3555,1451.61,2303.05547949531,1,614,"2014-04-15"
"2014-12-12",0,3396,1451.61,2214.15224449519,1,614,"2014-04-15"
"2014-12-13",0,3514,1451.61,2276.65470007962,1,614,"2014-04-15"
"2014-12-14",0,3752,1451.61,2408.24000495381,1,614,"2014-04-15"
"2014-12-15",0,3906,1451.61,2502.06892714289,1,614,"2014-04-15"
"2014-12-16",0,3645,1451.61,2354.07796676072,1,614,"2014-04-15"
"2014-12-17",0,3449,1451.61,2238.15130724258,1,614,"2014-04-15"
"2014-12-18",0,3164,1451.61,2082.84063543674,1,614,"2014-04-15"
"2014-12-19",0,3151,1451.61,2068.24786079829,1,614,"2014-04-15"
"2014-12-20",0,3067,1451.61,2029.30568361487,1,614,"2014-04-15"
"2014-12-21",0,3504,1451.61,2277.59694879653,1,614,"2014-04-15"
"2014-12-22",0,3609,1451.61,2328.13538286259,1,614,"2014-04-15"
"2014-12-23",0,3273,1451.61,2144.75842385644,1,614,"2014-04-15"
"2014-12-24",0,3019,1451.61,1995.29217493282,1,614,"2014-04-15"
"2014-12-25",0,3075,1451.61,2030.76184089057,1,614,"2014-04-15"
"2014-12-26",0,3061,1451.61,2021.78117142643,1,614,"2014-04-15"
"2014-12-27",0,3128,1451.61,2059.17663624148,1,614,"2014-04-15"
"2014-12-28",0,3203,1451.61,2101.16830950387,1,614,"2014-04-15"
"2014-12-29",0,3216,1451.61,2109.46272881253,1,614,"2014-04-15"
"2014-12-30",0,3042,1451.61,2014.70842114589,1,614,"2014-04-15"
"2014-12-31",0,3119,1451.61,2054.67315316733,1,614,"2014-04-15"
